+------+----------+-------------------+------------+------------+---------------------+----------------------+-------------+--------+---------+--------+-------+
| line | layer_no |     layer_type    |  in_size   |  out_size  | in_channel/features | out_channel/features | kernel_size | stride | padding | groups | count |
+------+----------+-------------------+------------+------------+---------------------+----------------------+-------------+--------+---------+--------+-------+
|  4   |    0     |       conv2d      | (224, 224) | (112, 112) |          3          |          32          |    (3, 3)   | (2, 2) |  (1, 1) |   1    |   1   |
|  6   |    1     |        silu       | (112, 112) | (112, 112) |          32         |          32          |      -      |   -    |    -    |   1    |   1   |
|  12  |    2     |       conv2d      | (112, 112) | (112, 112) |          32         |          32          |    (3, 3)   | (1, 1) |  (1, 1) |   32   |   1   |
|  14  |    3     |        silu       | (112, 112) | (112, 112) |          32         |          32          |      -      |   -    |    -    |   1    |   1   |
|  17  |    4     | adaptiveavgpool2d |   (1, 1)   |   (1, 1)   |          32         |          32          |      -      |   -    |    -    |   1    |   1   |
|  18  |    5     |       conv2d      |   (1, 1)   |   (1, 1)   |          32         |          8           |    (1, 1)   | (1, 1) |  (0, 0) |   1    |   1   |
|  19  |    6     |       conv2d      |   (1, 1)   |   (1, 1)   |          8          |          32          |    (1, 1)   | (1, 1) |  (0, 0) |   1    |   1   |
|  20  |    7     |        silu       |   (1, 1)   |   (1, 1)   |          32         |          32          |      -      |   -    |    -    |   1    |   1   |
|  21  |    8     |      sigmoid      |   (1, 1)   |   (1, 1)   |          32         |          32          |      -      |   -    |    -    |   1    |   1   |
|  24  |    9     |       conv2d      | (112, 112) | (112, 112) |          32         |          16          |    (1, 1)   | (1, 1) |  (0, 0) |   1    |   1   |
|  35  |    10    |       conv2d      | (112, 112) | (112, 112) |          16         |          96          |    (1, 1)   | (1, 1) |  (0, 0) |   1    |   1   |
|  37  |    11    |        silu       | (112, 112) | (112, 112) |          96         |          96          |      -      |   -    |    -    |   1    |   1   |
|  40  |    12    |       conv2d      | (112, 112) |  (56, 56)  |          96         |          96          |    (3, 3)   | (2, 2) |  (1, 1) |   96   |   1   |
|  42  |    13    |        silu       |  (56, 56)  |  (56, 56)  |          96         |          96          |      -      |   -    |    -    |   1    |   1   |
|  45  |    14    | adaptiveavgpool2d |   (1, 1)   |   (1, 1)   |          96         |          96          |      -      |   -    |    -    |   1    |   1   |
|  46  |    15    |       conv2d      |   (1, 1)   |   (1, 1)   |          96         |          4           |    (1, 1)   | (1, 1) |  (0, 0) |   1    |   1   |
|  47  |    16    |       conv2d      |   (1, 1)   |   (1, 1)   |          4          |          96          |    (1, 1)   | (1, 1) |  (0, 0) |   1    |   1   |
|  48  |    17    |        silu       |   (1, 1)   |   (1, 1)   |          96         |          96          |      -      |   -    |    -    |   1    |   1   |
|  49  |    18    |      sigmoid      |   (1, 1)   |   (1, 1)   |          96         |          96          |      -      |   -    |    -    |   1    |   1   |
|  52  |    19    |       conv2d      |  (56, 56)  |  (56, 56)  |          96         |          24          |    (1, 1)   | (1, 1) |  (0, 0) |   1    |   1   |
|  61  |    20    |       conv2d      |  (56, 56)  |  (56, 56)  |          24         |         144          |    (1, 1)   | (1, 1) |  (0, 0) |   1    |   1   |
|  63  |    21    |        silu       |  (56, 56)  |  (56, 56)  |         144         |         144          |      -      |   -    |    -    |   1    |   1   |
|  66  |    22    |       conv2d      |  (56, 56)  |  (56, 56)  |         144         |         144          |    (3, 3)   | (1, 1) |  (1, 1) |  144   |   1   |
|  68  |    23    |        silu       |  (56, 56)  |  (56, 56)  |         144         |         144          |      -      |   -    |    -    |   1    |   1   |
|  71  |    24    | adaptiveavgpool2d |   (1, 1)   |   (1, 1)   |         144         |         144          |      -      |   -    |    -    |   1    |   1   |
|  72  |    25    |       conv2d      |   (1, 1)   |   (1, 1)   |         144         |          6           |    (1, 1)   | (1, 1) |  (0, 0) |   1    |   1   |
|  73  |    26    |       conv2d      |   (1, 1)   |   (1, 1)   |          6          |         144          |    (1, 1)   | (1, 1) |  (0, 0) |   1    |   1   |
|  74  |    27    |        silu       |   (1, 1)   |   (1, 1)   |         144         |         144          |      -      |   -    |    -    |   1    |   1   |
|  75  |    28    |      sigmoid      |   (1, 1)   |   (1, 1)   |         144         |         144          |      -      |   -    |    -    |   1    |   1   |
|  78  |    29    |       conv2d      |  (56, 56)  |  (56, 56)  |         144         |          24          |    (1, 1)   | (1, 1) |  (0, 0) |   1    |   1   |
|  89  |    30    |       conv2d      |  (56, 56)  |  (56, 56)  |          24         |         144          |    (1, 1)   | (1, 1) |  (0, 0) |   1    |   1   |
|  91  |    31    |        silu       |  (56, 56)  |  (56, 56)  |         144         |         144          |      -      |   -    |    -    |   1    |   1   |
|  94  |    32    |       conv2d      |  (56, 56)  |  (28, 28)  |         144         |         144          |    (5, 5)   | (2, 2) |  (2, 2) |  144   |   1   |
|  96  |    33    |        silu       |  (28, 28)  |  (28, 28)  |         144         |         144          |      -      |   -    |    -    |   1    |   1   |
|  99  |    34    | adaptiveavgpool2d |   (1, 1)   |   (1, 1)   |         144         |         144          |      -      |   -    |    -    |   1    |   1   |
| 100  |    35    |       conv2d      |   (1, 1)   |   (1, 1)   |         144         |          6           |    (1, 1)   | (1, 1) |  (0, 0) |   1    |   1   |
| 101  |    36    |       conv2d      |   (1, 1)   |   (1, 1)   |          6          |         144          |    (1, 1)   | (1, 1) |  (0, 0) |   1    |   1   |
| 102  |    37    |        silu       |   (1, 1)   |   (1, 1)   |         144         |         144          |      -      |   -    |    -    |   1    |   1   |
| 103  |    38    |      sigmoid      |   (1, 1)   |   (1, 1)   |         144         |         144          |      -      |   -    |    -    |   1    |   1   |
| 106  |    39    |       conv2d      |  (28, 28)  |  (28, 28)  |         144         |          40          |    (1, 1)   | (1, 1) |  (0, 0) |   1    |   1   |
| 115  |    40    |       conv2d      |  (28, 28)  |  (28, 28)  |          40         |         240          |    (1, 1)   | (1, 1) |  (0, 0) |   1    |   1   |
| 117  |    41    |        silu       |  (28, 28)  |  (28, 28)  |         240         |         240          |      -      |   -    |    -    |   1    |   1   |
| 120  |    42    |       conv2d      |  (28, 28)  |  (28, 28)  |         240         |         240          |    (5, 5)   | (1, 1) |  (2, 2) |  240   |   1   |
| 122  |    43    |        silu       |  (28, 28)  |  (28, 28)  |         240         |         240          |      -      |   -    |    -    |   1    |   1   |
| 125  |    44    | adaptiveavgpool2d |   (1, 1)   |   (1, 1)   |         240         |         240          |      -      |   -    |    -    |   1    |   1   |
| 126  |    45    |       conv2d      |   (1, 1)   |   (1, 1)   |         240         |          10          |    (1, 1)   | (1, 1) |  (0, 0) |   1    |   1   |
| 127  |    46    |       conv2d      |   (1, 1)   |   (1, 1)   |          10         |         240          |    (1, 1)   | (1, 1) |  (0, 0) |   1    |   1   |
| 128  |    47    |        silu       |   (1, 1)   |   (1, 1)   |         240         |         240          |      -      |   -    |    -    |   1    |   1   |
| 129  |    48    |      sigmoid      |   (1, 1)   |   (1, 1)   |         240         |         240          |      -      |   -    |    -    |   1    |   1   |
| 132  |    49    |       conv2d      |  (28, 28)  |  (28, 28)  |         240         |          40          |    (1, 1)   | (1, 1) |  (0, 0) |   1    |   1   |
| 143  |    50    |       conv2d      |  (28, 28)  |  (28, 28)  |          40         |         240          |    (1, 1)   | (1, 1) |  (0, 0) |   1    |   1   |
| 145  |    51    |        silu       |  (28, 28)  |  (28, 28)  |         240         |         240          |      -      |   -    |    -    |   1    |   1   |
| 148  |    52    |       conv2d      |  (28, 28)  |  (14, 14)  |         240         |         240          |    (3, 3)   | (2, 2) |  (1, 1) |  240   |   1   |
| 150  |    53    |        silu       |  (14, 14)  |  (14, 14)  |         240         |         240          |      -      |   -    |    -    |   1    |   1   |
| 153  |    54    | adaptiveavgpool2d |   (1, 1)   |   (1, 1)   |         240         |         240          |      -      |   -    |    -    |   1    |   1   |
| 154  |    55    |       conv2d      |   (1, 1)   |   (1, 1)   |         240         |          10          |    (1, 1)   | (1, 1) |  (0, 0) |   1    |   1   |
| 155  |    56    |       conv2d      |   (1, 1)   |   (1, 1)   |          10         |         240          |    (1, 1)   | (1, 1) |  (0, 0) |   1    |   1   |
| 156  |    57    |        silu       |   (1, 1)   |   (1, 1)   |         240         |         240          |      -      |   -    |    -    |   1    |   1   |
| 157  |    58    |      sigmoid      |   (1, 1)   |   (1, 1)   |         240         |         240          |      -      |   -    |    -    |   1    |   1   |
| 160  |    59    |       conv2d      |  (14, 14)  |  (14, 14)  |         240         |          80          |    (1, 1)   | (1, 1) |  (0, 0) |   1    |   1   |
| 169  |    60    |       conv2d      |  (14, 14)  |  (14, 14)  |          80         |         480          |    (1, 1)   | (1, 1) |  (0, 0) |   1    |   1   |
| 171  |    61    |        silu       |  (14, 14)  |  (14, 14)  |         480         |         480          |      -      |   -    |    -    |   1    |   1   |
| 174  |    62    |       conv2d      |  (14, 14)  |  (14, 14)  |         480         |         480          |    (3, 3)   | (1, 1) |  (1, 1) |  480   |   1   |
| 176  |    63    |        silu       |  (14, 14)  |  (14, 14)  |         480         |         480          |      -      |   -    |    -    |   1    |   1   |
| 179  |    64    | adaptiveavgpool2d |   (1, 1)   |   (1, 1)   |         480         |         480          |      -      |   -    |    -    |   1    |   1   |
| 180  |    65    |       conv2d      |   (1, 1)   |   (1, 1)   |         480         |          20          |    (1, 1)   | (1, 1) |  (0, 0) |   1    |   1   |
| 181  |    66    |       conv2d      |   (1, 1)   |   (1, 1)   |          20         |         480          |    (1, 1)   | (1, 1) |  (0, 0) |   1    |   1   |
| 182  |    67    |        silu       |   (1, 1)   |   (1, 1)   |         480         |         480          |      -      |   -    |    -    |   1    |   1   |
| 183  |    68    |      sigmoid      |   (1, 1)   |   (1, 1)   |         480         |         480          |      -      |   -    |    -    |   1    |   1   |
| 186  |    69    |       conv2d      |  (14, 14)  |  (14, 14)  |         480         |          80          |    (1, 1)   | (1, 1) |  (0, 0) |   1    |   1   |
| 195  |    70    |       conv2d      |  (14, 14)  |  (14, 14)  |          80         |         480          |    (1, 1)   | (1, 1) |  (0, 0) |   1    |   1   |
| 197  |    71    |        silu       |  (14, 14)  |  (14, 14)  |         480         |         480          |      -      |   -    |    -    |   1    |   1   |
| 200  |    72    |       conv2d      |  (14, 14)  |  (14, 14)  |         480         |         480          |    (3, 3)   | (1, 1) |  (1, 1) |  480   |   1   |
| 202  |    73    |        silu       |  (14, 14)  |  (14, 14)  |         480         |         480          |      -      |   -    |    -    |   1    |   1   |
| 205  |    74    | adaptiveavgpool2d |   (1, 1)   |   (1, 1)   |         480         |         480          |      -      |   -    |    -    |   1    |   1   |
| 206  |    75    |       conv2d      |   (1, 1)   |   (1, 1)   |         480         |          20          |    (1, 1)   | (1, 1) |  (0, 0) |   1    |   1   |
| 207  |    76    |       conv2d      |   (1, 1)   |   (1, 1)   |          20         |         480          |    (1, 1)   | (1, 1) |  (0, 0) |   1    |   1   |
| 208  |    77    |        silu       |   (1, 1)   |   (1, 1)   |         480         |         480          |      -      |   -    |    -    |   1    |   1   |
| 209  |    78    |      sigmoid      |   (1, 1)   |   (1, 1)   |         480         |         480          |      -      |   -    |    -    |   1    |   1   |
| 212  |    79    |       conv2d      |  (14, 14)  |  (14, 14)  |         480         |          80          |    (1, 1)   | (1, 1) |  (0, 0) |   1    |   1   |
| 223  |    80    |       conv2d      |  (14, 14)  |  (14, 14)  |          80         |         480          |    (1, 1)   | (1, 1) |  (0, 0) |   1    |   1   |
| 225  |    81    |        silu       |  (14, 14)  |  (14, 14)  |         480         |         480          |      -      |   -    |    -    |   1    |   1   |
| 228  |    82    |       conv2d      |  (14, 14)  |  (14, 14)  |         480         |         480          |    (5, 5)   | (1, 1) |  (2, 2) |  480   |   1   |
| 230  |    83    |        silu       |  (14, 14)  |  (14, 14)  |         480         |         480          |      -      |   -    |    -    |   1    |   1   |
| 233  |    84    | adaptiveavgpool2d |   (1, 1)   |   (1, 1)   |         480         |         480          |      -      |   -    |    -    |   1    |   1   |
| 234  |    85    |       conv2d      |   (1, 1)   |   (1, 1)   |         480         |          20          |    (1, 1)   | (1, 1) |  (0, 0) |   1    |   1   |
| 235  |    86    |       conv2d      |   (1, 1)   |   (1, 1)   |          20         |         480          |    (1, 1)   | (1, 1) |  (0, 0) |   1    |   1   |
| 236  |    87    |        silu       |   (1, 1)   |   (1, 1)   |         480         |         480          |      -      |   -    |    -    |   1    |   1   |
| 237  |    88    |      sigmoid      |   (1, 1)   |   (1, 1)   |         480         |         480          |      -      |   -    |    -    |   1    |   1   |
| 240  |    89    |       conv2d      |  (14, 14)  |  (14, 14)  |         480         |         112          |    (1, 1)   | (1, 1) |  (0, 0) |   1    |   1   |
| 249  |    90    |       conv2d      |  (14, 14)  |  (14, 14)  |         112         |         672          |    (1, 1)   | (1, 1) |  (0, 0) |   1    |   1   |
| 251  |    91    |        silu       |  (14, 14)  |  (14, 14)  |         672         |         672          |      -      |   -    |    -    |   1    |   1   |
| 254  |    92    |       conv2d      |  (14, 14)  |  (14, 14)  |         672         |         672          |    (5, 5)   | (1, 1) |  (2, 2) |  672   |   1   |
| 256  |    93    |        silu       |  (14, 14)  |  (14, 14)  |         672         |         672          |      -      |   -    |    -    |   1    |   1   |
| 259  |    94    | adaptiveavgpool2d |   (1, 1)   |   (1, 1)   |         672         |         672          |      -      |   -    |    -    |   1    |   1   |
| 260  |    95    |       conv2d      |   (1, 1)   |   (1, 1)   |         672         |          28          |    (1, 1)   | (1, 1) |  (0, 0) |   1    |   1   |
| 261  |    96    |       conv2d      |   (1, 1)   |   (1, 1)   |          28         |         672          |    (1, 1)   | (1, 1) |  (0, 0) |   1    |   1   |
| 262  |    97    |        silu       |   (1, 1)   |   (1, 1)   |         672         |         672          |      -      |   -    |    -    |   1    |   1   |
| 263  |    98    |      sigmoid      |   (1, 1)   |   (1, 1)   |         672         |         672          |      -      |   -    |    -    |   1    |   1   |
| 266  |    99    |       conv2d      |  (14, 14)  |  (14, 14)  |         672         |         112          |    (1, 1)   | (1, 1) |  (0, 0) |   1    |   1   |
| 275  |   100    |       conv2d      |  (14, 14)  |  (14, 14)  |         112         |         672          |    (1, 1)   | (1, 1) |  (0, 0) |   1    |   1   |
| 277  |   101    |        silu       |  (14, 14)  |  (14, 14)  |         672         |         672          |      -      |   -    |    -    |   1    |   1   |
| 280  |   102    |       conv2d      |  (14, 14)  |  (14, 14)  |         672         |         672          |    (5, 5)   | (1, 1) |  (2, 2) |  672   |   1   |
| 282  |   103    |        silu       |  (14, 14)  |  (14, 14)  |         672         |         672          |      -      |   -    |    -    |   1    |   1   |
| 285  |   104    | adaptiveavgpool2d |   (1, 1)   |   (1, 1)   |         672         |         672          |      -      |   -    |    -    |   1    |   1   |
| 286  |   105    |       conv2d      |   (1, 1)   |   (1, 1)   |         672         |          28          |    (1, 1)   | (1, 1) |  (0, 0) |   1    |   1   |
| 287  |   106    |       conv2d      |   (1, 1)   |   (1, 1)   |          28         |         672          |    (1, 1)   | (1, 1) |  (0, 0) |   1    |   1   |
| 288  |   107    |        silu       |   (1, 1)   |   (1, 1)   |         672         |         672          |      -      |   -    |    -    |   1    |   1   |
| 289  |   108    |      sigmoid      |   (1, 1)   |   (1, 1)   |         672         |         672          |      -      |   -    |    -    |   1    |   1   |
| 292  |   109    |       conv2d      |  (14, 14)  |  (14, 14)  |         672         |         112          |    (1, 1)   | (1, 1) |  (0, 0) |   1    |   1   |
| 303  |   110    |       conv2d      |  (14, 14)  |  (14, 14)  |         112         |         672          |    (1, 1)   | (1, 1) |  (0, 0) |   1    |   1   |
| 305  |   111    |        silu       |  (14, 14)  |  (14, 14)  |         672         |         672          |      -      |   -    |    -    |   1    |   1   |
| 308  |   112    |       conv2d      |  (14, 14)  |   (7, 7)   |         672         |         672          |    (5, 5)   | (2, 2) |  (2, 2) |  672   |   1   |
| 310  |   113    |        silu       |   (7, 7)   |   (7, 7)   |         672         |         672          |      -      |   -    |    -    |   1    |   1   |
| 313  |   114    | adaptiveavgpool2d |   (1, 1)   |   (1, 1)   |         672         |         672          |      -      |   -    |    -    |   1    |   1   |
| 314  |   115    |       conv2d      |   (1, 1)   |   (1, 1)   |         672         |          28          |    (1, 1)   | (1, 1) |  (0, 0) |   1    |   1   |
| 315  |   116    |       conv2d      |   (1, 1)   |   (1, 1)   |          28         |         672          |    (1, 1)   | (1, 1) |  (0, 0) |   1    |   1   |
| 316  |   117    |        silu       |   (1, 1)   |   (1, 1)   |         672         |         672          |      -      |   -    |    -    |   1    |   1   |
| 317  |   118    |      sigmoid      |   (1, 1)   |   (1, 1)   |         672         |         672          |      -      |   -    |    -    |   1    |   1   |
| 320  |   119    |       conv2d      |   (7, 7)   |   (7, 7)   |         672         |         192          |    (1, 1)   | (1, 1) |  (0, 0) |   1    |   1   |
| 329  |   120    |       conv2d      |   (7, 7)   |   (7, 7)   |         192         |         1152         |    (1, 1)   | (1, 1) |  (0, 0) |   1    |   1   |
| 331  |   121    |        silu       |   (7, 7)   |   (7, 7)   |         1152        |         1152         |      -      |   -    |    -    |   1    |   1   |
| 334  |   122    |       conv2d      |   (7, 7)   |   (7, 7)   |         1152        |         1152         |    (5, 5)   | (1, 1) |  (2, 2) |  1152  |   1   |
| 336  |   123    |        silu       |   (7, 7)   |   (7, 7)   |         1152        |         1152         |      -      |   -    |    -    |   1    |   1   |
| 339  |   124    | adaptiveavgpool2d |   (1, 1)   |   (1, 1)   |         1152        |         1152         |      -      |   -    |    -    |   1    |   1   |
| 340  |   125    |       conv2d      |   (1, 1)   |   (1, 1)   |         1152        |          48          |    (1, 1)   | (1, 1) |  (0, 0) |   1    |   1   |
| 341  |   126    |       conv2d      |   (1, 1)   |   (1, 1)   |          48         |         1152         |    (1, 1)   | (1, 1) |  (0, 0) |   1    |   1   |
| 342  |   127    |        silu       |   (1, 1)   |   (1, 1)   |         1152        |         1152         |      -      |   -    |    -    |   1    |   1   |
| 343  |   128    |      sigmoid      |   (1, 1)   |   (1, 1)   |         1152        |         1152         |      -      |   -    |    -    |   1    |   1   |
| 346  |   129    |       conv2d      |   (7, 7)   |   (7, 7)   |         1152        |         192          |    (1, 1)   | (1, 1) |  (0, 0) |   1    |   1   |
| 355  |   130    |       conv2d      |   (7, 7)   |   (7, 7)   |         192         |         1152         |    (1, 1)   | (1, 1) |  (0, 0) |   1    |   1   |
| 357  |   131    |        silu       |   (7, 7)   |   (7, 7)   |         1152        |         1152         |      -      |   -    |    -    |   1    |   1   |
| 360  |   132    |       conv2d      |   (7, 7)   |   (7, 7)   |         1152        |         1152         |    (5, 5)   | (1, 1) |  (2, 2) |  1152  |   1   |
| 362  |   133    |        silu       |   (7, 7)   |   (7, 7)   |         1152        |         1152         |      -      |   -    |    -    |   1    |   1   |
| 365  |   134    | adaptiveavgpool2d |   (1, 1)   |   (1, 1)   |         1152        |         1152         |      -      |   -    |    -    |   1    |   1   |
| 366  |   135    |       conv2d      |   (1, 1)   |   (1, 1)   |         1152        |          48          |    (1, 1)   | (1, 1) |  (0, 0) |   1    |   1   |
| 367  |   136    |       conv2d      |   (1, 1)   |   (1, 1)   |          48         |         1152         |    (1, 1)   | (1, 1) |  (0, 0) |   1    |   1   |
| 368  |   137    |        silu       |   (1, 1)   |   (1, 1)   |         1152        |         1152         |      -      |   -    |    -    |   1    |   1   |
| 369  |   138    |      sigmoid      |   (1, 1)   |   (1, 1)   |         1152        |         1152         |      -      |   -    |    -    |   1    |   1   |
| 372  |   139    |       conv2d      |   (7, 7)   |   (7, 7)   |         1152        |         192          |    (1, 1)   | (1, 1) |  (0, 0) |   1    |   1   |
| 381  |   140    |       conv2d      |   (7, 7)   |   (7, 7)   |         192         |         1152         |    (1, 1)   | (1, 1) |  (0, 0) |   1    |   1   |
| 383  |   141    |        silu       |   (7, 7)   |   (7, 7)   |         1152        |         1152         |      -      |   -    |    -    |   1    |   1   |
| 386  |   142    |       conv2d      |   (7, 7)   |   (7, 7)   |         1152        |         1152         |    (5, 5)   | (1, 1) |  (2, 2) |  1152  |   1   |
| 388  |   143    |        silu       |   (7, 7)   |   (7, 7)   |         1152        |         1152         |      -      |   -    |    -    |   1    |   1   |
| 391  |   144    | adaptiveavgpool2d |   (1, 1)   |   (1, 1)   |         1152        |         1152         |      -      |   -    |    -    |   1    |   1   |
| 392  |   145    |       conv2d      |   (1, 1)   |   (1, 1)   |         1152        |          48          |    (1, 1)   | (1, 1) |  (0, 0) |   1    |   1   |
| 393  |   146    |       conv2d      |   (1, 1)   |   (1, 1)   |          48         |         1152         |    (1, 1)   | (1, 1) |  (0, 0) |   1    |   1   |
| 394  |   147    |        silu       |   (1, 1)   |   (1, 1)   |         1152        |         1152         |      -      |   -    |    -    |   1    |   1   |
| 395  |   148    |      sigmoid      |   (1, 1)   |   (1, 1)   |         1152        |         1152         |      -      |   -    |    -    |   1    |   1   |
| 398  |   149    |       conv2d      |   (7, 7)   |   (7, 7)   |         1152        |         192          |    (1, 1)   | (1, 1) |  (0, 0) |   1    |   1   |
| 409  |   150    |       conv2d      |   (7, 7)   |   (7, 7)   |         192         |         1152         |    (1, 1)   | (1, 1) |  (0, 0) |   1    |   1   |
| 411  |   151    |        silu       |   (7, 7)   |   (7, 7)   |         1152        |         1152         |      -      |   -    |    -    |   1    |   1   |
| 414  |   152    |       conv2d      |   (7, 7)   |   (7, 7)   |         1152        |         1152         |    (3, 3)   | (1, 1) |  (1, 1) |  1152  |   1   |
| 416  |   153    |        silu       |   (7, 7)   |   (7, 7)   |         1152        |         1152         |      -      |   -    |    -    |   1    |   1   |
| 419  |   154    | adaptiveavgpool2d |   (1, 1)   |   (1, 1)   |         1152        |         1152         |      -      |   -    |    -    |   1    |   1   |
| 420  |   155    |       conv2d      |   (1, 1)   |   (1, 1)   |         1152        |          48          |    (1, 1)   | (1, 1) |  (0, 0) |   1    |   1   |
| 421  |   156    |       conv2d      |   (1, 1)   |   (1, 1)   |          48         |         1152         |    (1, 1)   | (1, 1) |  (0, 0) |   1    |   1   |
| 422  |   157    |        silu       |   (1, 1)   |   (1, 1)   |         1152        |         1152         |      -      |   -    |    -    |   1    |   1   |
| 423  |   158    |      sigmoid      |   (1, 1)   |   (1, 1)   |         1152        |         1152         |      -      |   -    |    -    |   1    |   1   |
| 426  |   159    |       conv2d      |   (7, 7)   |   (7, 7)   |         1152        |         320          |    (1, 1)   | (1, 1) |  (0, 0) |   1    |   1   |
| 434  |   160    |       conv2d      |   (7, 7)   |   (7, 7)   |         320         |         1280         |    (1, 1)   | (1, 1) |  (0, 0) |   1    |   1   |
| 436  |   161    |        silu       |   (7, 7)   |   (7, 7)   |         1280        |         1280         |      -      |   -    |    -    |   1    |   1   |
| 439  |   162    | adaptiveavgpool2d |   (7, 7)   |   (7, 7)   |         1280        |         1280         |      -      |   -    |    -    |   1    |   1   |
| 442  |   163    |       linear      |   (1, 1)   |   (1, 1)   |         1280        |         1000         |      -      |   -    |    -    |   1    |   1   |
+------+----------+-------------------+------------+------------+---------------------+----------------------+-------------+--------+---------+--------+-------+
