+------+----------+-------------------+------------+------------+---------------------+----------------------+-------------+--------+---------+--------+-------+
| line | layer_no |     layer_type    |  in_size   |  out_size  | in_channel/features | out_channel/features | kernel_size | stride | padding | groups | count |
+------+----------+-------------------+------------+------------+---------------------+----------------------+-------------+--------+---------+--------+-------+
|  3   |    0     |       conv2d      | (224, 224) | (111, 111) |          3          |          64          |    (3, 3)   | (2, 2) |  (0, 0) |   1    |   1   |
|  4   |    1     |        relu       | (111, 111) | (111, 111) |          64         |          64          |      -      |   -    |    -    |   1    |   1   |
|  5   |    2     |     maxpool2d     | (111, 111) |  (55, 55)  |          64         |          64          |      3      |   2    |    0    |   1    |   1   |
|  7   |    3     |       conv2d      |  (55, 55)  |  (55, 55)  |          64         |          16          |    (1, 1)   | (1, 1) |  (0, 0) |   1    |   1   |
|  8   |    4     |        relu       |  (55, 55)  |  (55, 55)  |          16         |          16          |      -      |   -    |    -    |   1    |   1   |
|  9   |    5     |       conv2d      |  (55, 55)  |  (55, 55)  |          16         |          64          |    (1, 1)   | (1, 1) |  (0, 0) |   1    |   1   |
|  10  |    6     |        relu       |  (55, 55)  |  (55, 55)  |          64         |          64          |      -      |   -    |    -    |   1    |   1   |
|  11  |    7     |       conv2d      |  (55, 55)  |  (55, 55)  |          16         |          64          |    (3, 3)   | (1, 1) |  (1, 1) |   1    |   1   |
|  12  |    8     |        relu       |  (55, 55)  |  (55, 55)  |          64         |          64          |      -      |   -    |    -    |   1    |   1   |
|  15  |    9     |       conv2d      |  (55, 55)  |  (55, 55)  |         128         |          16          |    (1, 1)   | (1, 1) |  (0, 0) |   1    |   1   |
|  16  |    10    |        relu       |  (55, 55)  |  (55, 55)  |          16         |          16          |      -      |   -    |    -    |   1    |   1   |
|  17  |    11    |       conv2d      |  (55, 55)  |  (55, 55)  |          16         |          64          |    (1, 1)   | (1, 1) |  (0, 0) |   1    |   1   |
|  18  |    12    |        relu       |  (55, 55)  |  (55, 55)  |          64         |          64          |      -      |   -    |    -    |   1    |   1   |
|  19  |    13    |       conv2d      |  (55, 55)  |  (55, 55)  |          16         |          64          |    (3, 3)   | (1, 1) |  (1, 1) |   1    |   1   |
|  20  |    14    |        relu       |  (55, 55)  |  (55, 55)  |          64         |          64          |      -      |   -    |    -    |   1    |   1   |
|  22  |    15    |     maxpool2d     |  (55, 55)  |  (27, 27)  |          64         |          64          |      3      |   2    |    0    |   1    |   1   |
|  24  |    16    |       conv2d      |  (27, 27)  |  (27, 27)  |         128         |          32          |    (1, 1)   | (1, 1) |  (0, 0) |   1    |   1   |
|  25  |    17    |        relu       |  (27, 27)  |  (27, 27)  |          32         |          32          |      -      |   -    |    -    |   1    |   1   |
|  26  |    18    |       conv2d      |  (27, 27)  |  (27, 27)  |          32         |         128          |    (1, 1)   | (1, 1) |  (0, 0) |   1    |   1   |
|  27  |    19    |        relu       |  (27, 27)  |  (27, 27)  |         128         |         128          |      -      |   -    |    -    |   1    |   1   |
|  28  |    20    |       conv2d      |  (27, 27)  |  (27, 27)  |          32         |         128          |    (3, 3)   | (1, 1) |  (1, 1) |   1    |   1   |
|  29  |    21    |        relu       |  (27, 27)  |  (27, 27)  |         128         |         128          |      -      |   -    |    -    |   1    |   1   |
|  32  |    22    |       conv2d      |  (27, 27)  |  (27, 27)  |         256         |          32          |    (1, 1)   | (1, 1) |  (0, 0) |   1    |   1   |
|  33  |    23    |        relu       |  (27, 27)  |  (27, 27)  |          32         |          32          |      -      |   -    |    -    |   1    |   1   |
|  34  |    24    |       conv2d      |  (27, 27)  |  (27, 27)  |          32         |         128          |    (1, 1)   | (1, 1) |  (0, 0) |   1    |   1   |
|  35  |    25    |        relu       |  (27, 27)  |  (27, 27)  |         128         |         128          |      -      |   -    |    -    |   1    |   1   |
|  36  |    26    |       conv2d      |  (27, 27)  |  (27, 27)  |          32         |         128          |    (3, 3)   | (1, 1) |  (1, 1) |   1    |   1   |
|  37  |    27    |        relu       |  (27, 27)  |  (27, 27)  |         128         |         128          |      -      |   -    |    -    |   1    |   1   |
|  39  |    28    |     maxpool2d     |  (27, 27)  |  (13, 13)  |         128         |         128          |      3      |   2    |    0    |   1    |   1   |
|  41  |    29    |       conv2d      |  (13, 13)  |  (13, 13)  |         256         |          48          |    (1, 1)   | (1, 1) |  (0, 0) |   1    |   1   |
|  42  |    30    |        relu       |  (13, 13)  |  (13, 13)  |          48         |          48          |      -      |   -    |    -    |   1    |   1   |
|  43  |    31    |       conv2d      |  (13, 13)  |  (13, 13)  |          48         |         192          |    (1, 1)   | (1, 1) |  (0, 0) |   1    |   1   |
|  44  |    32    |        relu       |  (13, 13)  |  (13, 13)  |         192         |         192          |      -      |   -    |    -    |   1    |   1   |
|  45  |    33    |       conv2d      |  (13, 13)  |  (13, 13)  |          48         |         192          |    (3, 3)   | (1, 1) |  (1, 1) |   1    |   1   |
|  46  |    34    |        relu       |  (13, 13)  |  (13, 13)  |         192         |         192          |      -      |   -    |    -    |   1    |   1   |
|  49  |    35    |       conv2d      |  (13, 13)  |  (13, 13)  |         384         |          48          |    (1, 1)   | (1, 1) |  (0, 0) |   1    |   1   |
|  50  |    36    |        relu       |  (13, 13)  |  (13, 13)  |          48         |          48          |      -      |   -    |    -    |   1    |   1   |
|  51  |    37    |       conv2d      |  (13, 13)  |  (13, 13)  |          48         |         192          |    (1, 1)   | (1, 1) |  (0, 0) |   1    |   1   |
|  52  |    38    |        relu       |  (13, 13)  |  (13, 13)  |         192         |         192          |      -      |   -    |    -    |   1    |   1   |
|  53  |    39    |       conv2d      |  (13, 13)  |  (13, 13)  |          48         |         192          |    (3, 3)   | (1, 1) |  (1, 1) |   1    |   1   |
|  54  |    40    |        relu       |  (13, 13)  |  (13, 13)  |         192         |         192          |      -      |   -    |    -    |   1    |   1   |
|  57  |    41    |       conv2d      |  (13, 13)  |  (13, 13)  |         384         |          64          |    (1, 1)   | (1, 1) |  (0, 0) |   1    |   1   |
|  58  |    42    |        relu       |  (13, 13)  |  (13, 13)  |          64         |          64          |      -      |   -    |    -    |   1    |   1   |
|  59  |    43    |       conv2d      |  (13, 13)  |  (13, 13)  |          64         |         256          |    (1, 1)   | (1, 1) |  (0, 0) |   1    |   1   |
|  60  |    44    |        relu       |  (13, 13)  |  (13, 13)  |         256         |         256          |      -      |   -    |    -    |   1    |   1   |
|  61  |    45    |       conv2d      |  (13, 13)  |  (13, 13)  |          64         |         256          |    (3, 3)   | (1, 1) |  (1, 1) |   1    |   1   |
|  62  |    46    |        relu       |  (13, 13)  |  (13, 13)  |         256         |         256          |      -      |   -    |    -    |   1    |   1   |
|  65  |    47    |       conv2d      |  (13, 13)  |  (13, 13)  |         512         |          64          |    (1, 1)   | (1, 1) |  (0, 0) |   1    |   1   |
|  66  |    48    |        relu       |  (13, 13)  |  (13, 13)  |          64         |          64          |      -      |   -    |    -    |   1    |   1   |
|  67  |    49    |       conv2d      |  (13, 13)  |  (13, 13)  |          64         |         256          |    (1, 1)   | (1, 1) |  (0, 0) |   1    |   1   |
|  68  |    50    |        relu       |  (13, 13)  |  (13, 13)  |         256         |         256          |      -      |   -    |    -    |   1    |   1   |
|  69  |    51    |       conv2d      |  (13, 13)  |  (13, 13)  |          64         |         256          |    (3, 3)   | (1, 1) |  (1, 1) |   1    |   1   |
|  70  |    52    |        relu       |  (13, 13)  |  (13, 13)  |         256         |         256          |      -      |   -    |    -    |   1    |   1   |
|  75  |    53    |       conv2d      |  (13, 13)  |  (13, 13)  |         512         |         1000         |    (1, 1)   | (1, 1) |  (0, 0) |   1    |   1   |
|  76  |    54    |        relu       |  (13, 13)  |  (13, 13)  |         1000        |         1000         |      -      |   -    |    -    |   1    |   1   |
|  77  |    55    | adaptiveavgpool2d |  (13, 13)  |   (1, 1)   |         1000        |         1000         |      -      |   -    |    -    |   1    |   1   |
+------+----------+-------------------+------------+------------+---------------------+----------------------+-------------+--------+---------+--------+-------+
