+------+----------+------------------+------------+------------+---------------------+----------------------+-------------+--------+---------+--------+-------+
| line | layer_no |    layer_type    |  in_size   |  out_size  | in_channel/features | out_channel/features | kernel_size | stride | padding | groups | count |
+------+----------+------------------+------------+------------+---------------------+----------------------+-------------+--------+---------+--------+-------+
|  3   |    0     |      conv2d      | (480, 640) | (480, 640) |         256         |         256          |    (1, 1)   | (1, 1) |  (0, 0) |   1    |   1   |
|  4   |    1     |      conv2d      | (480, 640) | (480, 640) |         256         |         256          |    (3, 3)   | (1, 1) |  (1, 1) |   1    |   1   |
|  5   |    2     |      conv2d      | (480, 640) | (480, 640) |         512         |         256          |    (1, 1)   | (1, 1) |  (0, 0) |   1    |   1   |
|  6   |    3     |      conv2d      | (480, 640) | (480, 640) |         256         |         256          |    (3, 3)   | (1, 1) |  (1, 1) |   1    |   1   |
|  7   |    4     |      conv2d      | (480, 640) | (480, 640) |         1024        |         256          |    (1, 1)   | (1, 1) |  (0, 0) |   1    |   1   |
|  8   |    5     |      conv2d      | (480, 640) | (480, 640) |         256         |         256          |    (3, 3)   | (1, 1) |  (1, 1) |   1    |   1   |
|  9   |    6     |      conv2d      | (480, 640) | (480, 640) |         2048        |         256          |    (1, 1)   | (1, 1) |  (0, 0) |   1    |   1   |
|  10  |    7     |      conv2d      | (480, 640) | (480, 640) |         256         |         256          |    (3, 3)   | (1, 1) |  (1, 1) |   1    |   1   |
|  11  |    8     | lastlevelmaxpool | (480, 640) | (480, 640) |         256         |         256          |      -      |   -    |    -    |   1    |   1   |
|  14  |    9     |      conv2d      | (480, 640) | (240, 320) |          3          |          64          |    (7, 7)   | (2, 2) |  (3, 3) |   1    |   1   |
|  20  |    10    |      conv2d      | (240, 320) | (240, 320) |          64         |         256          |    (1, 1)   | (1, 1) |  (0, 0) |   1    |   1   |
|  23  |    11    |      conv2d      | (240, 320) | (240, 320) |          64         |          64          |    (1, 1)   | (1, 1) |  (0, 0) |   1    |   1   |
|  26  |    12    |      conv2d      | (240, 320) | (240, 320) |          64         |          64          |    (3, 3)   | (1, 1) |  (1, 1) |   1    |   1   |
|  29  |    13    |      conv2d      | (240, 320) | (240, 320) |          64         |         256          |    (1, 1)   | (1, 1) |  (0, 0) |   1    |   1   |
|  34  |    14    |      conv2d      | (240, 320) | (240, 320) |         256         |          64          |    (1, 1)   | (1, 1) |  (0, 0) |   1    |   1   |
|  37  |    15    |      conv2d      | (240, 320) | (240, 320) |          64         |          64          |    (3, 3)   | (1, 1) |  (1, 1) |   1    |   1   |
|  40  |    16    |      conv2d      | (240, 320) | (240, 320) |          64         |         256          |    (1, 1)   | (1, 1) |  (0, 0) |   1    |   1   |
|  45  |    17    |      conv2d      | (240, 320) | (240, 320) |         256         |          64          |    (1, 1)   | (1, 1) |  (0, 0) |   1    |   1   |
|  48  |    18    |      conv2d      | (240, 320) | (240, 320) |          64         |          64          |    (3, 3)   | (1, 1) |  (1, 1) |   1    |   1   |
|  51  |    19    |      conv2d      | (240, 320) | (240, 320) |          64         |         256          |    (1, 1)   | (1, 1) |  (0, 0) |   1    |   1   |
|  58  |    20    |      conv2d      | (240, 320) | (120, 160) |         256         |         512          |    (1, 1)   | (2, 2) |  (0, 0) |   1    |   1   |
|  61  |    21    |      conv2d      | (120, 160) |  (60, 80)  |         256         |         128          |    (1, 1)   | (2, 2) |  (0, 0) |   1    |   1   |
|  64  |    22    |      conv2d      |  (60, 80)  |  (60, 80)  |         128         |         128          |    (3, 3)   | (1, 1) |  (1, 1) |   1    |   1   |
|  67  |    23    |      conv2d      |  (60, 80)  |  (60, 80)  |         128         |         512          |    (1, 1)   | (1, 1) |  (0, 0) |   1    |   1   |
|  72  |    24    |      conv2d      |  (60, 80)  |  (60, 80)  |         512         |         128          |    (1, 1)   | (1, 1) |  (0, 0) |   1    |   1   |
|  75  |    25    |      conv2d      |  (60, 80)  |  (60, 80)  |         128         |         128          |    (3, 3)   | (1, 1) |  (1, 1) |   1    |   1   |
|  78  |    26    |      conv2d      |  (60, 80)  |  (60, 80)  |         128         |         512          |    (1, 1)   | (1, 1) |  (0, 0) |   1    |   1   |
|  83  |    27    |      conv2d      |  (60, 80)  |  (60, 80)  |         512         |         128          |    (1, 1)   | (1, 1) |  (0, 0) |   1    |   1   |
|  86  |    28    |      conv2d      |  (60, 80)  |  (60, 80)  |         128         |         128          |    (3, 3)   | (1, 1) |  (1, 1) |   1    |   1   |
|  89  |    29    |      conv2d      |  (60, 80)  |  (60, 80)  |         128         |         512          |    (1, 1)   | (1, 1) |  (0, 0) |   1    |   1   |
|  94  |    30    |      conv2d      |  (60, 80)  |  (60, 80)  |         512         |         128          |    (1, 1)   | (1, 1) |  (0, 0) |   1    |   1   |
|  97  |    31    |      conv2d      |  (60, 80)  |  (60, 80)  |         128         |         128          |    (3, 3)   | (1, 1) |  (1, 1) |   1    |   1   |
| 100  |    32    |      conv2d      |  (60, 80)  |  (60, 80)  |         128         |         512          |    (1, 1)   | (1, 1) |  (0, 0) |   1    |   1   |
| 107  |    33    |      conv2d      |  (60, 80)  |  (30, 40)  |         512         |         1024         |    (1, 1)   | (2, 2) |  (0, 0) |   1    |   1   |
| 110  |    34    |      conv2d      |  (30, 40)  |  (15, 20)  |         512         |         256          |    (1, 1)   | (2, 2) |  (0, 0) |   1    |   1   |
| 113  |    35    |      conv2d      |  (15, 20)  |  (15, 20)  |         256         |         256          |    (3, 3)   | (1, 1) |  (1, 1) |   1    |   1   |
| 116  |    36    |      conv2d      |  (15, 20)  |  (15, 20)  |         256         |         1024         |    (1, 1)   | (1, 1) |  (0, 0) |   1    |   1   |
| 121  |    37    |      conv2d      |  (15, 20)  |  (15, 20)  |         1024        |         256          |    (1, 1)   | (1, 1) |  (0, 0) |   1    |   1   |
| 124  |    38    |      conv2d      |  (15, 20)  |  (15, 20)  |         256         |         256          |    (3, 3)   | (1, 1) |  (1, 1) |   1    |   1   |
| 127  |    39    |      conv2d      |  (15, 20)  |  (15, 20)  |         256         |         1024         |    (1, 1)   | (1, 1) |  (0, 0) |   1    |   1   |
| 132  |    40    |      conv2d      |  (15, 20)  |  (15, 20)  |         1024        |         256          |    (1, 1)   | (1, 1) |  (0, 0) |   1    |   1   |
| 135  |    41    |      conv2d      |  (15, 20)  |  (15, 20)  |         256         |         256          |    (3, 3)   | (1, 1) |  (1, 1) |   1    |   1   |
| 138  |    42    |      conv2d      |  (15, 20)  |  (15, 20)  |         256         |         1024         |    (1, 1)   | (1, 1) |  (0, 0) |   1    |   1   |
| 143  |    43    |      conv2d      |  (15, 20)  |  (15, 20)  |         1024        |         256          |    (1, 1)   | (1, 1) |  (0, 0) |   1    |   1   |
| 146  |    44    |      conv2d      |  (15, 20)  |  (15, 20)  |         256         |         256          |    (3, 3)   | (1, 1) |  (1, 1) |   1    |   1   |
| 149  |    45    |      conv2d      |  (15, 20)  |  (15, 20)  |         256         |         1024         |    (1, 1)   | (1, 1) |  (0, 0) |   1    |   1   |
| 154  |    46    |      conv2d      |  (15, 20)  |  (15, 20)  |         1024        |         256          |    (1, 1)   | (1, 1) |  (0, 0) |   1    |   1   |
| 157  |    47    |      conv2d      |  (15, 20)  |  (15, 20)  |         256         |         256          |    (3, 3)   | (1, 1) |  (1, 1) |   1    |   1   |
| 160  |    48    |      conv2d      |  (15, 20)  |  (15, 20)  |         256         |         1024         |    (1, 1)   | (1, 1) |  (0, 0) |   1    |   1   |
| 165  |    49    |      conv2d      |  (15, 20)  |  (15, 20)  |         1024        |         256          |    (1, 1)   | (1, 1) |  (0, 0) |   1    |   1   |
| 168  |    50    |      conv2d      |  (15, 20)  |  (15, 20)  |         256         |         256          |    (3, 3)   | (1, 1) |  (1, 1) |   1    |   1   |
| 171  |    51    |      conv2d      |  (15, 20)  |  (15, 20)  |         256         |         1024         |    (1, 1)   | (1, 1) |  (0, 0) |   1    |   1   |
| 176  |    52    |      conv2d      |  (15, 20)  |  (15, 20)  |         1024        |         256          |    (1, 1)   | (1, 1) |  (0, 0) |   1    |   1   |
| 179  |    53    |      conv2d      |  (15, 20)  |  (15, 20)  |         256         |         256          |    (3, 3)   | (1, 1) |  (1, 1) |   1    |   1   |
| 182  |    54    |      conv2d      |  (15, 20)  |  (15, 20)  |         256         |         1024         |    (1, 1)   | (1, 1) |  (0, 0) |   1    |   1   |
| 187  |    55    |      conv2d      |  (15, 20)  |  (15, 20)  |         1024        |         256          |    (1, 1)   | (1, 1) |  (0, 0) |   1    |   1   |
| 190  |    56    |      conv2d      |  (15, 20)  |  (15, 20)  |         256         |         256          |    (3, 3)   | (1, 1) |  (1, 1) |   1    |   1   |
| 193  |    57    |      conv2d      |  (15, 20)  |  (15, 20)  |         256         |         1024         |    (1, 1)   | (1, 1) |  (0, 0) |   1    |   1   |
| 198  |    58    |      conv2d      |  (15, 20)  |  (15, 20)  |         1024        |         256          |    (1, 1)   | (1, 1) |  (0, 0) |   1    |   1   |
| 201  |    59    |      conv2d      |  (15, 20)  |  (15, 20)  |         256         |         256          |    (3, 3)   | (1, 1) |  (1, 1) |   1    |   1   |
| 204  |    60    |      conv2d      |  (15, 20)  |  (15, 20)  |         256         |         1024         |    (1, 1)   | (1, 1) |  (0, 0) |   1    |   1   |
| 209  |    61    |      conv2d      |  (15, 20)  |  (15, 20)  |         1024        |         256          |    (1, 1)   | (1, 1) |  (0, 0) |   1    |   1   |
| 212  |    62    |      conv2d      |  (15, 20)  |  (15, 20)  |         256         |         256          |    (3, 3)   | (1, 1) |  (1, 1) |   1    |   1   |
| 215  |    63    |      conv2d      |  (15, 20)  |  (15, 20)  |         256         |         1024         |    (1, 1)   | (1, 1) |  (0, 0) |   1    |   1   |
| 220  |    64    |      conv2d      |  (15, 20)  |  (15, 20)  |         1024        |         256          |    (1, 1)   | (1, 1) |  (0, 0) |   1    |   1   |
| 223  |    65    |      conv2d      |  (15, 20)  |  (15, 20)  |         256         |         256          |    (3, 3)   | (1, 1) |  (1, 1) |   1    |   1   |
| 226  |    66    |      conv2d      |  (15, 20)  |  (15, 20)  |         256         |         1024         |    (1, 1)   | (1, 1) |  (0, 0) |   1    |   1   |
| 231  |    67    |      conv2d      |  (15, 20)  |  (15, 20)  |         1024        |         256          |    (1, 1)   | (1, 1) |  (0, 0) |   1    |   1   |
| 234  |    68    |      conv2d      |  (15, 20)  |  (15, 20)  |         256         |         256          |    (3, 3)   | (1, 1) |  (1, 1) |   1    |   1   |
| 237  |    69    |      conv2d      |  (15, 20)  |  (15, 20)  |         256         |         1024         |    (1, 1)   | (1, 1) |  (0, 0) |   1    |   1   |
| 242  |    70    |      conv2d      |  (15, 20)  |  (15, 20)  |         1024        |         256          |    (1, 1)   | (1, 1) |  (0, 0) |   1    |   1   |
| 245  |    71    |      conv2d      |  (15, 20)  |  (15, 20)  |         256         |         256          |    (3, 3)   | (1, 1) |  (1, 1) |   1    |   1   |
| 248  |    72    |      conv2d      |  (15, 20)  |  (15, 20)  |         256         |         1024         |    (1, 1)   | (1, 1) |  (0, 0) |   1    |   1   |
| 253  |    73    |      conv2d      |  (15, 20)  |  (15, 20)  |         1024        |         256          |    (1, 1)   | (1, 1) |  (0, 0) |   1    |   1   |
| 256  |    74    |      conv2d      |  (15, 20)  |  (15, 20)  |         256         |         256          |    (3, 3)   | (1, 1) |  (1, 1) |   1    |   1   |
| 259  |    75    |      conv2d      |  (15, 20)  |  (15, 20)  |         256         |         1024         |    (1, 1)   | (1, 1) |  (0, 0) |   1    |   1   |
| 264  |    76    |      conv2d      |  (15, 20)  |  (15, 20)  |         1024        |         256          |    (1, 1)   | (1, 1) |  (0, 0) |   1    |   1   |
| 267  |    77    |      conv2d      |  (15, 20)  |  (15, 20)  |         256         |         256          |    (3, 3)   | (1, 1) |  (1, 1) |   1    |   1   |
| 270  |    78    |      conv2d      |  (15, 20)  |  (15, 20)  |         256         |         1024         |    (1, 1)   | (1, 1) |  (0, 0) |   1    |   1   |
| 275  |    79    |      conv2d      |  (15, 20)  |  (15, 20)  |         1024        |         256          |    (1, 1)   | (1, 1) |  (0, 0) |   1    |   1   |
| 278  |    80    |      conv2d      |  (15, 20)  |  (15, 20)  |         256         |         256          |    (3, 3)   | (1, 1) |  (1, 1) |   1    |   1   |
| 281  |    81    |      conv2d      |  (15, 20)  |  (15, 20)  |         256         |         1024         |    (1, 1)   | (1, 1) |  (0, 0) |   1    |   1   |
| 286  |    82    |      conv2d      |  (15, 20)  |  (15, 20)  |         1024        |         256          |    (1, 1)   | (1, 1) |  (0, 0) |   1    |   1   |
| 289  |    83    |      conv2d      |  (15, 20)  |  (15, 20)  |         256         |         256          |    (3, 3)   | (1, 1) |  (1, 1) |   1    |   1   |
| 292  |    84    |      conv2d      |  (15, 20)  |  (15, 20)  |         256         |         1024         |    (1, 1)   | (1, 1) |  (0, 0) |   1    |   1   |
| 297  |    85    |      conv2d      |  (15, 20)  |  (15, 20)  |         1024        |         256          |    (1, 1)   | (1, 1) |  (0, 0) |   1    |   1   |
| 300  |    86    |      conv2d      |  (15, 20)  |  (15, 20)  |         256         |         256          |    (3, 3)   | (1, 1) |  (1, 1) |   1    |   1   |
| 303  |    87    |      conv2d      |  (15, 20)  |  (15, 20)  |         256         |         1024         |    (1, 1)   | (1, 1) |  (0, 0) |   1    |   1   |
| 308  |    88    |      conv2d      |  (15, 20)  |  (15, 20)  |         1024        |         256          |    (1, 1)   | (1, 1) |  (0, 0) |   1    |   1   |
| 311  |    89    |      conv2d      |  (15, 20)  |  (15, 20)  |         256         |         256          |    (3, 3)   | (1, 1) |  (1, 1) |   1    |   1   |
| 314  |    90    |      conv2d      |  (15, 20)  |  (15, 20)  |         256         |         1024         |    (1, 1)   | (1, 1) |  (0, 0) |   1    |   1   |
| 319  |    91    |      conv2d      |  (15, 20)  |  (15, 20)  |         1024        |         256          |    (1, 1)   | (1, 1) |  (0, 0) |   1    |   1   |
| 322  |    92    |      conv2d      |  (15, 20)  |  (15, 20)  |         256         |         256          |    (3, 3)   | (1, 1) |  (1, 1) |   1    |   1   |
| 325  |    93    |      conv2d      |  (15, 20)  |  (15, 20)  |         256         |         1024         |    (1, 1)   | (1, 1) |  (0, 0) |   1    |   1   |
| 330  |    94    |      conv2d      |  (15, 20)  |  (15, 20)  |         1024        |         256          |    (1, 1)   | (1, 1) |  (0, 0) |   1    |   1   |
| 333  |    95    |      conv2d      |  (15, 20)  |  (15, 20)  |         256         |         256          |    (3, 3)   | (1, 1) |  (1, 1) |   1    |   1   |
| 336  |    96    |      conv2d      |  (15, 20)  |  (15, 20)  |         256         |         1024         |    (1, 1)   | (1, 1) |  (0, 0) |   1    |   1   |
| 341  |    97    |      conv2d      |  (15, 20)  |  (15, 20)  |         1024        |         256          |    (1, 1)   | (1, 1) |  (0, 0) |   1    |   1   |
| 344  |    98    |      conv2d      |  (15, 20)  |  (15, 20)  |         256         |         256          |    (3, 3)   | (1, 1) |  (1, 1) |   1    |   1   |
| 347  |    99    |      conv2d      |  (15, 20)  |  (15, 20)  |         256         |         1024         |    (1, 1)   | (1, 1) |  (0, 0) |   1    |   1   |
| 352  |   100    |      conv2d      |  (15, 20)  |  (15, 20)  |         1024        |         256          |    (1, 1)   | (1, 1) |  (0, 0) |   1    |   1   |
| 355  |   101    |      conv2d      |  (15, 20)  |  (15, 20)  |         256         |         256          |    (3, 3)   | (1, 1) |  (1, 1) |   1    |   1   |
| 358  |   102    |      conv2d      |  (15, 20)  |  (15, 20)  |         256         |         1024         |    (1, 1)   | (1, 1) |  (0, 0) |   1    |   1   |
| 365  |   103    |      conv2d      |  (15, 20)  |  (8, 10)   |         1024        |         2048         |    (1, 1)   | (2, 2) |  (0, 0) |   1    |   1   |
| 368  |   104    |      conv2d      |  (8, 10)   |   (4, 5)   |         1024        |         512          |    (1, 1)   | (2, 2) |  (0, 0) |   1    |   1   |
| 371  |   105    |      conv2d      |   (4, 5)   |   (4, 5)   |         512         |         512          |    (3, 3)   | (1, 1) |  (1, 1) |   1    |   1   |
| 374  |   106    |      conv2d      |   (4, 5)   |   (4, 5)   |         512         |         2048         |    (1, 1)   | (1, 1) |  (0, 0) |   1    |   1   |
| 379  |   107    |      conv2d      |   (4, 5)   |   (4, 5)   |         2048        |         512          |    (1, 1)   | (1, 1) |  (0, 0) |   1    |   1   |
| 382  |   108    |      conv2d      |   (4, 5)   |   (4, 5)   |         512         |         512          |    (3, 3)   | (1, 1) |  (1, 1) |   1    |   1   |
| 385  |   109    |      conv2d      |   (4, 5)   |   (4, 5)   |         512         |         2048         |    (1, 1)   | (1, 1) |  (0, 0) |   1    |   1   |
| 390  |   110    |      conv2d      |   (4, 5)   |   (4, 5)   |         2048        |         512          |    (1, 1)   | (1, 1) |  (0, 0) |   1    |   1   |
| 393  |   111    |      conv2d      |   (4, 5)   |   (4, 5)   |         512         |         512          |    (3, 3)   | (1, 1) |  (1, 1) |   1    |   1   |
| 396  |   112    |      conv2d      |   (4, 5)   |   (4, 5)   |         512         |         2048         |    (1, 1)   | (1, 1) |  (0, 0) |   1    |   1   |
| 407  |   113    |       relu       |   (4, 5)   |   (4, 5)   |         2048        |         2048         |      -      |   -    |    -    |   1    |   1   |
| 409  |   114    |      conv2d      |   (4, 5)   |   (4, 5)   |         256         |          3           |    (1, 1)   | (1, 1) |  (0, 0) |   1    |   1   |
| 410  |   115    |      conv2d      |   (4, 5)   |   (4, 5)   |         256         |          12          |    (1, 1)   | (1, 1) |  (0, 0) |   1    |   1   |
| 419  |   116    |     roialign     |   (4, 5)   |   (7, 7)   |          12         |          12          |      -      |   -    |    -    |   1    |   1   |
| 420  |   117    |     roialign     |   (7, 7)   |   (7, 7)   |          12         |          12          |      -      |   -    |    -    |   1    |   1   |
| 421  |   118    |     roialign     |   (7, 7)   |   (7, 7)   |          12         |          12          |      -      |   -    |    -    |   1    |   1   |
| 422  |   119    |     roialign     |   (7, 7)   |   (7, 7)   |          12         |          12          |      -      |   -    |    -    |   1    |   1   |
| 426  |   120    |     flatten      |   (7, 7)   |   (7, 7)   |          12         |         588          |      -      |   -    |    -    |   1    |   1   |
| 427  |   121    |      linear      |   (1, 1)   |   (1, 1)   |        12544        |         1024         |      -      |   -    |    -    |   1    |   1   |
| 428  |   122    |       relu       |   (1, 1)   |   (1, 1)   |         1024        |         1024         |      -      |   -    |    -    |   1    |   1   |
| 429  |   123    |      linear      |   (1, 1)   |   (1, 1)   |         1024        |         1024         |      -      |   -    |    -    |   1    |   1   |
| 430  |   124    |       relu       |   (1, 1)   |   (1, 1)   |         1024        |         1024         |      -      |   -    |    -    |   1    |   1   |
| 433  |   125    |      linear      |   (1, 1)   |   (1, 1)   |         1024        |          10          |      -      |   -    |    -    |   1    |   1   |
| 434  |   126    |      linear      |   (1, 1)   |   (1, 1)   |         1024        |          36          |      -      |   -    |    -    |   1    |   1   |
| 438  |   127    |     roialign     |   (1, 1)   |  (14, 14)  |          36         |          36          |      -      |   -    |    -    |   1    |   1   |
| 439  |   128    |     roialign     |  (14, 14)  |  (14, 14)  |          36         |          36          |      -      |   -    |    -    |   1    |   1   |
| 440  |   129    |     roialign     |  (14, 14)  |  (14, 14)  |          36         |          36          |      -      |   -    |    -    |   1    |   1   |
| 441  |   130    |     roialign     |  (14, 14)  |  (14, 14)  |          36         |          36          |      -      |   -    |    -    |   1    |   1   |
| 447  |   131    |       relu       |  (14, 14)  |  (14, 14)  |          36         |          36          |      -      |   -    |    -    |   1    |   1   |
| 451  |   132    |       relu       |  (14, 14)  |  (14, 14)  |          36         |          36          |      -      |   -    |    -    |   1    |   1   |
| 455  |   133    |       relu       |  (14, 14)  |  (14, 14)  |          36         |          36          |      -      |   -    |    -    |   1    |   1   |
| 459  |   134    |       relu       |  (14, 14)  |  (14, 14)  |          36         |          36          |      -      |   -    |    -    |   1    |   1   |
| 461  |   135    | convtranspose2d  |  (14, 14)  |   (7, 7)   |         256         |         256          |    (2, 2)   | (2, 2) |  (0, 0) |   1    |   1   |
| 462  |   136    |       relu       |   (7, 7)   |   (7, 7)   |         256         |         256          |      -      |   -    |    -    |   1    |   1   |
| 463  |   137    |      conv2d      |   (7, 7)   |   (7, 7)   |         256         |          9           |    (1, 1)   | (1, 1) |  (0, 0) |   1    |   1   |
+------+----------+------------------+------------+------------+---------------------+----------------------+-------------+--------+---------+--------+-------+
