+------+----------+------------+------------+------------+---------------------+----------------------+-------------+--------+---------+--------+-------+
| line | layer_no | layer_type |  in_size   |  out_size  | in_channel/features | out_channel/features | kernel_size | stride | padding | groups | count |
+------+----------+------------+------------+------------+---------------------+----------------------+-------------+--------+---------+--------+-------+
|  3   |    0     |   conv2d   | (224, 224) | (112, 112) |          3          |          24          |    (3, 3)   | (2, 2) |  (1, 1) |   1    |   1   |
|  5   |    1     |    relu    | (112, 112) | (112, 112) |          24         |          24          |      -      |   -    |    -    |   1    |   1   |
|  7   |    2     | maxpool2d  | (112, 112) |  (56, 56)  |          24         |          24          |      3      |   2    |    1    |   1    |   1   |
|  11  |    3     |   conv2d   |  (56, 56)  |  (28, 28)  |          24         |          24          |    (3, 3)   | (2, 2) |  (1, 1) |   24   |   1   |
|  13  |    4     |   conv2d   |  (28, 28)  |  (28, 28)  |          24         |          24          |    (1, 1)   | (1, 1) |  (0, 0) |   1    |   1   |
|  15  |    5     |    relu    |  (28, 28)  |  (28, 28)  |          24         |          24          |      -      |   -    |    -    |   1    |   1   |
|  18  |    6     |   conv2d   |  (28, 28)  |  (28, 28)  |          24         |          24          |    (1, 1)   | (1, 1) |  (0, 0) |   1    |   1   |
|  20  |    7     |    relu    |  (28, 28)  |  (28, 28)  |          24         |          24          |      -      |   -    |    -    |   1    |   1   |
|  21  |    8     |   conv2d   |  (28, 28)  |  (14, 14)  |          24         |          24          |    (3, 3)   | (2, 2) |  (1, 1) |   24   |   1   |
|  23  |    9     |   conv2d   |  (14, 14)  |  (14, 14)  |          24         |          24          |    (1, 1)   | (1, 1) |  (0, 0) |   1    |   1   |
|  25  |    10    |    relu    |  (14, 14)  |  (14, 14)  |          24         |          24          |      -      |   -    |    -    |   1    |   1   |
|  31  |    11    |   conv2d   |  (14, 14)  |  (14, 14)  |          24         |          24          |    (1, 1)   | (1, 1) |  (0, 0) |   1    |   1   |
|  33  |    12    |    relu    |  (14, 14)  |  (14, 14)  |          24         |          24          |      -      |   -    |    -    |   1    |   1   |
|  34  |    13    |   conv2d   |  (14, 14)  |  (14, 14)  |          24         |          24          |    (3, 3)   | (1, 1) |  (1, 1) |   24   |   1   |
|  36  |    14    |   conv2d   |  (14, 14)  |  (14, 14)  |          24         |          24          |    (1, 1)   | (1, 1) |  (0, 0) |   1    |   1   |
|  38  |    15    |    relu    |  (14, 14)  |  (14, 14)  |          24         |          24          |      -      |   -    |    -    |   1    |   1   |
|  44  |    16    |   conv2d   |  (14, 14)  |  (14, 14)  |          24         |          24          |    (1, 1)   | (1, 1) |  (0, 0) |   1    |   1   |
|  46  |    17    |    relu    |  (14, 14)  |  (14, 14)  |          24         |          24          |      -      |   -    |    -    |   1    |   1   |
|  47  |    18    |   conv2d   |  (14, 14)  |  (14, 14)  |          24         |          24          |    (3, 3)   | (1, 1) |  (1, 1) |   24   |   1   |
|  49  |    19    |   conv2d   |  (14, 14)  |  (14, 14)  |          24         |          24          |    (1, 1)   | (1, 1) |  (0, 0) |   1    |   1   |
|  51  |    20    |    relu    |  (14, 14)  |  (14, 14)  |          24         |          24          |      -      |   -    |    -    |   1    |   1   |
|  57  |    21    |   conv2d   |  (14, 14)  |  (14, 14)  |          24         |          24          |    (1, 1)   | (1, 1) |  (0, 0) |   1    |   1   |
|  59  |    22    |    relu    |  (14, 14)  |  (14, 14)  |          24         |          24          |      -      |   -    |    -    |   1    |   1   |
|  60  |    23    |   conv2d   |  (14, 14)  |  (14, 14)  |          24         |          24          |    (3, 3)   | (1, 1) |  (1, 1) |   24   |   1   |
|  62  |    24    |   conv2d   |  (14, 14)  |  (14, 14)  |          24         |          24          |    (1, 1)   | (1, 1) |  (0, 0) |   1    |   1   |
|  64  |    25    |    relu    |  (14, 14)  |  (14, 14)  |          24         |          24          |      -      |   -    |    -    |   1    |   1   |
|  71  |    26    |   conv2d   |  (14, 14)  |   (7, 7)   |          48         |          48          |    (3, 3)   | (2, 2) |  (1, 1) |   48   |   1   |
|  73  |    27    |   conv2d   |   (7, 7)   |   (7, 7)   |          48         |          48          |    (1, 1)   | (1, 1) |  (0, 0) |   1    |   1   |
|  75  |    28    |    relu    |   (7, 7)   |   (7, 7)   |          48         |          48          |      -      |   -    |    -    |   1    |   1   |
|  78  |    29    |   conv2d   |   (7, 7)   |   (7, 7)   |          48         |          48          |    (1, 1)   | (1, 1) |  (0, 0) |   1    |   1   |
|  80  |    30    |    relu    |   (7, 7)   |   (7, 7)   |          48         |          48          |      -      |   -    |    -    |   1    |   1   |
|  81  |    31    |   conv2d   |   (7, 7)   |   (4, 4)   |          48         |          48          |    (3, 3)   | (2, 2) |  (1, 1) |   48   |   1   |
|  83  |    32    |   conv2d   |   (4, 4)   |   (4, 4)   |          48         |          48          |    (1, 1)   | (1, 1) |  (0, 0) |   1    |   1   |
|  85  |    33    |    relu    |   (4, 4)   |   (4, 4)   |          48         |          48          |      -      |   -    |    -    |   1    |   1   |
|  91  |    34    |   conv2d   |   (4, 4)   |   (4, 4)   |          48         |          48          |    (1, 1)   | (1, 1) |  (0, 0) |   1    |   1   |
|  93  |    35    |    relu    |   (4, 4)   |   (4, 4)   |          48         |          48          |      -      |   -    |    -    |   1    |   1   |
|  94  |    36    |   conv2d   |   (4, 4)   |   (4, 4)   |          48         |          48          |    (3, 3)   | (1, 1) |  (1, 1) |   48   |   1   |
|  96  |    37    |   conv2d   |   (4, 4)   |   (4, 4)   |          48         |          48          |    (1, 1)   | (1, 1) |  (0, 0) |   1    |   1   |
|  98  |    38    |    relu    |   (4, 4)   |   (4, 4)   |          48         |          48          |      -      |   -    |    -    |   1    |   1   |
| 104  |    39    |   conv2d   |   (4, 4)   |   (4, 4)   |          48         |          48          |    (1, 1)   | (1, 1) |  (0, 0) |   1    |   1   |
| 106  |    40    |    relu    |   (4, 4)   |   (4, 4)   |          48         |          48          |      -      |   -    |    -    |   1    |   1   |
| 107  |    41    |   conv2d   |   (4, 4)   |   (4, 4)   |          48         |          48          |    (3, 3)   | (1, 1) |  (1, 1) |   48   |   1   |
| 109  |    42    |   conv2d   |   (4, 4)   |   (4, 4)   |          48         |          48          |    (1, 1)   | (1, 1) |  (0, 0) |   1    |   1   |
| 111  |    43    |    relu    |   (4, 4)   |   (4, 4)   |          48         |          48          |      -      |   -    |    -    |   1    |   1   |
| 117  |    44    |   conv2d   |   (4, 4)   |   (4, 4)   |          48         |          48          |    (1, 1)   | (1, 1) |  (0, 0) |   1    |   1   |
| 119  |    45    |    relu    |   (4, 4)   |   (4, 4)   |          48         |          48          |      -      |   -    |    -    |   1    |   1   |
| 120  |    46    |   conv2d   |   (4, 4)   |   (4, 4)   |          48         |          48          |    (3, 3)   | (1, 1) |  (1, 1) |   48   |   1   |
| 122  |    47    |   conv2d   |   (4, 4)   |   (4, 4)   |          48         |          48          |    (1, 1)   | (1, 1) |  (0, 0) |   1    |   1   |
| 124  |    48    |    relu    |   (4, 4)   |   (4, 4)   |          48         |          48          |      -      |   -    |    -    |   1    |   1   |
| 130  |    49    |   conv2d   |   (4, 4)   |   (4, 4)   |          48         |          48          |    (1, 1)   | (1, 1) |  (0, 0) |   1    |   1   |
| 132  |    50    |    relu    |   (4, 4)   |   (4, 4)   |          48         |          48          |      -      |   -    |    -    |   1    |   1   |
| 133  |    51    |   conv2d   |   (4, 4)   |   (4, 4)   |          48         |          48          |    (3, 3)   | (1, 1) |  (1, 1) |   48   |   1   |
| 135  |    52    |   conv2d   |   (4, 4)   |   (4, 4)   |          48         |          48          |    (1, 1)   | (1, 1) |  (0, 0) |   1    |   1   |
| 137  |    53    |    relu    |   (4, 4)   |   (4, 4)   |          48         |          48          |      -      |   -    |    -    |   1    |   1   |
| 143  |    54    |   conv2d   |   (4, 4)   |   (4, 4)   |          48         |          48          |    (1, 1)   | (1, 1) |  (0, 0) |   1    |   1   |
| 145  |    55    |    relu    |   (4, 4)   |   (4, 4)   |          48         |          48          |      -      |   -    |    -    |   1    |   1   |
| 146  |    56    |   conv2d   |   (4, 4)   |   (4, 4)   |          48         |          48          |    (3, 3)   | (1, 1) |  (1, 1) |   48   |   1   |
| 148  |    57    |   conv2d   |   (4, 4)   |   (4, 4)   |          48         |          48          |    (1, 1)   | (1, 1) |  (0, 0) |   1    |   1   |
| 150  |    58    |    relu    |   (4, 4)   |   (4, 4)   |          48         |          48          |      -      |   -    |    -    |   1    |   1   |
| 156  |    59    |   conv2d   |   (4, 4)   |   (4, 4)   |          48         |          48          |    (1, 1)   | (1, 1) |  (0, 0) |   1    |   1   |
| 158  |    60    |    relu    |   (4, 4)   |   (4, 4)   |          48         |          48          |      -      |   -    |    -    |   1    |   1   |
| 159  |    61    |   conv2d   |   (4, 4)   |   (4, 4)   |          48         |          48          |    (3, 3)   | (1, 1) |  (1, 1) |   48   |   1   |
| 161  |    62    |   conv2d   |   (4, 4)   |   (4, 4)   |          48         |          48          |    (1, 1)   | (1, 1) |  (0, 0) |   1    |   1   |
| 163  |    63    |    relu    |   (4, 4)   |   (4, 4)   |          48         |          48          |      -      |   -    |    -    |   1    |   1   |
| 169  |    64    |   conv2d   |   (4, 4)   |   (4, 4)   |          48         |          48          |    (1, 1)   | (1, 1) |  (0, 0) |   1    |   1   |
| 171  |    65    |    relu    |   (4, 4)   |   (4, 4)   |          48         |          48          |      -      |   -    |    -    |   1    |   1   |
| 172  |    66    |   conv2d   |   (4, 4)   |   (4, 4)   |          48         |          48          |    (3, 3)   | (1, 1) |  (1, 1) |   48   |   1   |
| 174  |    67    |   conv2d   |   (4, 4)   |   (4, 4)   |          48         |          48          |    (1, 1)   | (1, 1) |  (0, 0) |   1    |   1   |
| 176  |    68    |    relu    |   (4, 4)   |   (4, 4)   |          48         |          48          |      -      |   -    |    -    |   1    |   1   |
| 183  |    69    |   conv2d   |   (4, 4)   |   (2, 2)   |          96         |          96          |    (3, 3)   | (2, 2) |  (1, 1) |   96   |   1   |
| 185  |    70    |   conv2d   |   (2, 2)   |   (2, 2)   |          96         |          96          |    (1, 1)   | (1, 1) |  (0, 0) |   1    |   1   |
| 187  |    71    |    relu    |   (2, 2)   |   (2, 2)   |          96         |          96          |      -      |   -    |    -    |   1    |   1   |
| 190  |    72    |   conv2d   |   (2, 2)   |   (2, 2)   |          96         |          96          |    (1, 1)   | (1, 1) |  (0, 0) |   1    |   1   |
| 192  |    73    |    relu    |   (2, 2)   |   (2, 2)   |          96         |          96          |      -      |   -    |    -    |   1    |   1   |
| 193  |    74    |   conv2d   |   (2, 2)   |   (1, 1)   |          96         |          96          |    (3, 3)   | (2, 2) |  (1, 1) |   96   |   1   |
| 195  |    75    |   conv2d   |   (1, 1)   |   (1, 1)   |          96         |          96          |    (1, 1)   | (1, 1) |  (0, 0) |   1    |   1   |
| 197  |    76    |    relu    |   (1, 1)   |   (1, 1)   |          96         |          96          |      -      |   -    |    -    |   1    |   1   |
| 203  |    77    |   conv2d   |   (1, 1)   |   (1, 1)   |          96         |          96          |    (1, 1)   | (1, 1) |  (0, 0) |   1    |   1   |
| 205  |    78    |    relu    |   (1, 1)   |   (1, 1)   |          96         |          96          |      -      |   -    |    -    |   1    |   1   |
| 206  |    79    |   conv2d   |   (1, 1)   |   (1, 1)   |          96         |          96          |    (3, 3)   | (1, 1) |  (1, 1) |   96   |   1   |
| 208  |    80    |   conv2d   |   (1, 1)   |   (1, 1)   |          96         |          96          |    (1, 1)   | (1, 1) |  (0, 0) |   1    |   1   |
| 210  |    81    |    relu    |   (1, 1)   |   (1, 1)   |          96         |          96          |      -      |   -    |    -    |   1    |   1   |
| 216  |    82    |   conv2d   |   (1, 1)   |   (1, 1)   |          96         |          96          |    (1, 1)   | (1, 1) |  (0, 0) |   1    |   1   |
| 218  |    83    |    relu    |   (1, 1)   |   (1, 1)   |          96         |          96          |      -      |   -    |    -    |   1    |   1   |
| 219  |    84    |   conv2d   |   (1, 1)   |   (1, 1)   |          96         |          96          |    (3, 3)   | (1, 1) |  (1, 1) |   96   |   1   |
| 221  |    85    |   conv2d   |   (1, 1)   |   (1, 1)   |          96         |          96          |    (1, 1)   | (1, 1) |  (0, 0) |   1    |   1   |
| 223  |    86    |    relu    |   (1, 1)   |   (1, 1)   |          96         |          96          |      -      |   -    |    -    |   1    |   1   |
| 229  |    87    |   conv2d   |   (1, 1)   |   (1, 1)   |          96         |          96          |    (1, 1)   | (1, 1) |  (0, 0) |   1    |   1   |
| 231  |    88    |    relu    |   (1, 1)   |   (1, 1)   |          96         |          96          |      -      |   -    |    -    |   1    |   1   |
| 232  |    89    |   conv2d   |   (1, 1)   |   (1, 1)   |          96         |          96          |    (3, 3)   | (1, 1) |  (1, 1) |   96   |   1   |
| 234  |    90    |   conv2d   |   (1, 1)   |   (1, 1)   |          96         |          96          |    (1, 1)   | (1, 1) |  (0, 0) |   1    |   1   |
| 236  |    91    |    relu    |   (1, 1)   |   (1, 1)   |          96         |          96          |      -      |   -    |    -    |   1    |   1   |
| 241  |    92    |   conv2d   |   (1, 1)   |   (1, 1)   |         192         |         1024         |    (1, 1)   | (1, 1) |  (0, 0) |   1    |   1   |
| 243  |    93    |    relu    |   (1, 1)   |   (1, 1)   |         1024        |         1024         |      -      |   -    |    -    |   1    |   1   |
| 245  |    94    |   linear   |   (1, 1)   |   (1, 1)   |         1024        |         1000         |      -      |   -    |    -    |   1    |   1   |
+------+----------+------------+------------+------------+---------------------+----------------------+-------------+--------+---------+--------+-------+
