+------+----------+------------+------------+------------+---------------------+----------------------+-------------+--------+---------+--------+-------+
| line | layer_no | layer_type |  in_size   |  out_size  | in_channel/features | out_channel/features | kernel_size | stride | padding | groups | count |
+------+----------+------------+------------+------------+---------------------+----------------------+-------------+--------+---------+--------+-------+
|  5   |    0     |   conv2d   | (224, 224) | (112, 112) |          3          |          64          |    (7, 7)   | (2, 2) |  (3, 3) |   1    |   1   |
|  7   |    1     |    relu    | (112, 112) | (112, 112) |          64         |          64          |      -      |   -    |    -    |   1    |   1   |
|  8   |    2     | maxpool2d  | (112, 112) |  (56, 56)  |          64         |          64          |      3      |   2    |    1    |   1    |   1   |
|  11  |    3     |   conv2d   |  (56, 56)  |  (56, 56)  |          64         |          64          |    (1, 1)   | (1, 1) |  (0, 0) |   1    |   1   |
|  13  |    4     |    relu    |  (56, 56)  |  (56, 56)  |          64         |          64          |      -      |   -    |    -    |   1    |   1   |
|  14  |    5     |   conv2d   |  (56, 56)  |  (56, 56)  |          64         |          64          |    (3, 3)   | (1, 1) |  (1, 1) |   1    |   1   |
|  17  |    6     |    relu    |  (56, 56)  |  (56, 56)  |          64         |          64          |      -      |   -    |    -    |   1    |   1   |
|  19  |    7     |   conv2d   |  (56, 56)  |  (56, 56)  |          64         |         256          |    (1, 1)   | (1, 1) |  (0, 0) |   1    |   1   |
|  21  |    8     |    relu    |  (56, 56)  |  (56, 56)  |         256         |         256          |      -      |   -    |    -    |   1    |   1   |
|  23  |    9     |   conv2d   |  (56, 56)  |  (56, 56)  |          64         |         256          |    (1, 1)   | (1, 1) |  (0, 0) |   1    |   1   |
|  28  |    10    |   conv2d   |  (56, 56)  |  (56, 56)  |         256         |          64          |    (1, 1)   | (1, 1) |  (0, 0) |   1    |   1   |
|  30  |    11    |    relu    |  (56, 56)  |  (56, 56)  |          64         |          64          |      -      |   -    |    -    |   1    |   1   |
|  31  |    12    |   conv2d   |  (56, 56)  |  (56, 56)  |          64         |          64          |    (3, 3)   | (1, 1) |  (1, 1) |   1    |   1   |
|  34  |    13    |    relu    |  (56, 56)  |  (56, 56)  |          64         |          64          |      -      |   -    |    -    |   1    |   1   |
|  36  |    14    |   conv2d   |  (56, 56)  |  (56, 56)  |          64         |         256          |    (1, 1)   | (1, 1) |  (0, 0) |   1    |   1   |
|  38  |    15    |    relu    |  (56, 56)  |  (56, 56)  |         256         |         256          |      -      |   -    |    -    |   1    |   1   |
|  41  |    16    |   conv2d   |  (56, 56)  |  (56, 56)  |         256         |          64          |    (1, 1)   | (1, 1) |  (0, 0) |   1    |   1   |
|  43  |    17    |    relu    |  (56, 56)  |  (56, 56)  |          64         |          64          |      -      |   -    |    -    |   1    |   1   |
|  44  |    18    |   conv2d   |  (56, 56)  |  (56, 56)  |          64         |          64          |    (3, 3)   | (1, 1) |  (1, 1) |   1    |   1   |
|  47  |    19    |    relu    |  (56, 56)  |  (56, 56)  |          64         |          64          |      -      |   -    |    -    |   1    |   1   |
|  49  |    20    |   conv2d   |  (56, 56)  |  (56, 56)  |          64         |         256          |    (1, 1)   | (1, 1) |  (0, 0) |   1    |   1   |
|  51  |    21    |    relu    |  (56, 56)  |  (56, 56)  |         256         |         256          |      -      |   -    |    -    |   1    |   1   |
|  56  |    22    |   conv2d   |  (56, 56)  |  (56, 56)  |         256         |         128          |    (1, 1)   | (1, 1) |  (0, 0) |   1    |   1   |
|  58  |    23    |    relu    |  (56, 56)  |  (56, 56)  |         128         |         128          |      -      |   -    |    -    |   1    |   1   |
|  59  |    24    |   conv2d   |  (56, 56)  |  (28, 28)  |         128         |         128          |    (3, 3)   | (2, 2) |  (1, 1) |   1    |   1   |
|  62  |    25    |    relu    |  (28, 28)  |  (28, 28)  |         128         |         128          |      -      |   -    |    -    |   1    |   1   |
|  64  |    26    |   conv2d   |  (28, 28)  |  (28, 28)  |         128         |         512          |    (1, 1)   | (1, 1) |  (0, 0) |   1    |   1   |
|  66  |    27    |    relu    |  (28, 28)  |  (28, 28)  |         512         |         512          |      -      |   -    |    -    |   1    |   1   |
|  68  |    28    |   conv2d   |  (28, 28)  |  (14, 14)  |         256         |         512          |    (1, 1)   | (2, 2) |  (0, 0) |   1    |   1   |
|  73  |    29    |   conv2d   |  (14, 14)  |  (14, 14)  |         512         |         128          |    (1, 1)   | (1, 1) |  (0, 0) |   1    |   1   |
|  75  |    30    |    relu    |  (14, 14)  |  (14, 14)  |         128         |         128          |      -      |   -    |    -    |   1    |   1   |
|  76  |    31    |   conv2d   |  (14, 14)  |  (14, 14)  |         128         |         128          |    (3, 3)   | (1, 1) |  (1, 1) |   1    |   1   |
|  79  |    32    |    relu    |  (14, 14)  |  (14, 14)  |         128         |         128          |      -      |   -    |    -    |   1    |   1   |
|  81  |    33    |   conv2d   |  (14, 14)  |  (14, 14)  |         128         |         512          |    (1, 1)   | (1, 1) |  (0, 0) |   1    |   1   |
|  83  |    34    |    relu    |  (14, 14)  |  (14, 14)  |         512         |         512          |      -      |   -    |    -    |   1    |   1   |
|  86  |    35    |   conv2d   |  (14, 14)  |  (14, 14)  |         512         |         128          |    (1, 1)   | (1, 1) |  (0, 0) |   1    |   1   |
|  88  |    36    |    relu    |  (14, 14)  |  (14, 14)  |         128         |         128          |      -      |   -    |    -    |   1    |   1   |
|  89  |    37    |   conv2d   |  (14, 14)  |  (14, 14)  |         128         |         128          |    (3, 3)   | (1, 1) |  (1, 1) |   1    |   1   |
|  92  |    38    |    relu    |  (14, 14)  |  (14, 14)  |         128         |         128          |      -      |   -    |    -    |   1    |   1   |
|  94  |    39    |   conv2d   |  (14, 14)  |  (14, 14)  |         128         |         512          |    (1, 1)   | (1, 1) |  (0, 0) |   1    |   1   |
|  96  |    40    |    relu    |  (14, 14)  |  (14, 14)  |         512         |         512          |      -      |   -    |    -    |   1    |   1   |
|  99  |    41    |   conv2d   |  (14, 14)  |  (14, 14)  |         512         |         128          |    (1, 1)   | (1, 1) |  (0, 0) |   1    |   1   |
| 101  |    42    |    relu    |  (14, 14)  |  (14, 14)  |         128         |         128          |      -      |   -    |    -    |   1    |   1   |
| 102  |    43    |   conv2d   |  (14, 14)  |  (14, 14)  |         128         |         128          |    (3, 3)   | (1, 1) |  (1, 1) |   1    |   1   |
| 105  |    44    |    relu    |  (14, 14)  |  (14, 14)  |         128         |         128          |      -      |   -    |    -    |   1    |   1   |
| 107  |    45    |   conv2d   |  (14, 14)  |  (14, 14)  |         128         |         512          |    (1, 1)   | (1, 1) |  (0, 0) |   1    |   1   |
| 109  |    46    |    relu    |  (14, 14)  |  (14, 14)  |         512         |         512          |      -      |   -    |    -    |   1    |   1   |
| 114  |    47    |   conv2d   |  (14, 14)  |  (14, 14)  |         512         |         256          |    (1, 1)   | (1, 1) |  (0, 0) |   1    |   1   |
| 116  |    48    |    relu    |  (14, 14)  |  (14, 14)  |         256         |         256          |      -      |   -    |    -    |   1    |   1   |
| 117  |    49    |   conv2d   |  (14, 14)  |   (7, 7)   |         256         |         256          |    (3, 3)   | (2, 2) |  (1, 1) |   1    |   1   |
| 120  |    50    |    relu    |   (7, 7)   |   (7, 7)   |         256         |         256          |      -      |   -    |    -    |   1    |   1   |
| 122  |    51    |   conv2d   |   (7, 7)   |   (7, 7)   |         256         |         1024         |    (1, 1)   | (1, 1) |  (0, 0) |   1    |   1   |
| 124  |    52    |    relu    |   (7, 7)   |   (7, 7)   |         1024        |         1024         |      -      |   -    |    -    |   1    |   1   |
| 126  |    53    |   conv2d   |   (7, 7)   |   (4, 4)   |         512         |         1024         |    (1, 1)   | (2, 2) |  (0, 0) |   1    |   1   |
| 131  |    54    |   conv2d   |   (4, 4)   |   (4, 4)   |         1024        |         256          |    (1, 1)   | (1, 1) |  (0, 0) |   1    |   1   |
| 133  |    55    |    relu    |   (4, 4)   |   (4, 4)   |         256         |         256          |      -      |   -    |    -    |   1    |   1   |
| 134  |    56    |   conv2d   |   (4, 4)   |   (4, 4)   |         256         |         256          |    (3, 3)   | (1, 1) |  (1, 1) |   1    |   1   |
| 137  |    57    |    relu    |   (4, 4)   |   (4, 4)   |         256         |         256          |      -      |   -    |    -    |   1    |   1   |
| 139  |    58    |   conv2d   |   (4, 4)   |   (4, 4)   |         256         |         1024         |    (1, 1)   | (1, 1) |  (0, 0) |   1    |   1   |
| 141  |    59    |    relu    |   (4, 4)   |   (4, 4)   |         1024        |         1024         |      -      |   -    |    -    |   1    |   1   |
| 144  |    60    |   conv2d   |   (4, 4)   |   (4, 4)   |         1024        |         256          |    (1, 1)   | (1, 1) |  (0, 0) |   1    |   1   |
| 146  |    61    |    relu    |   (4, 4)   |   (4, 4)   |         256         |         256          |      -      |   -    |    -    |   1    |   1   |
| 147  |    62    |   conv2d   |   (4, 4)   |   (4, 4)   |         256         |         256          |    (3, 3)   | (1, 1) |  (1, 1) |   1    |   1   |
| 150  |    63    |    relu    |   (4, 4)   |   (4, 4)   |         256         |         256          |      -      |   -    |    -    |   1    |   1   |
| 152  |    64    |   conv2d   |   (4, 4)   |   (4, 4)   |         256         |         1024         |    (1, 1)   | (1, 1) |  (0, 0) |   1    |   1   |
| 154  |    65    |    relu    |   (4, 4)   |   (4, 4)   |         1024        |         1024         |      -      |   -    |    -    |   1    |   1   |
| 157  |    66    |   conv2d   |   (4, 4)   |   (4, 4)   |         1024        |         256          |    (1, 1)   | (1, 1) |  (0, 0) |   1    |   1   |
| 159  |    67    |    relu    |   (4, 4)   |   (4, 4)   |         256         |         256          |      -      |   -    |    -    |   1    |   1   |
| 160  |    68    |   conv2d   |   (4, 4)   |   (4, 4)   |         256         |         256          |    (3, 3)   | (1, 1) |  (1, 1) |   1    |   1   |
| 163  |    69    |    relu    |   (4, 4)   |   (4, 4)   |         256         |         256          |      -      |   -    |    -    |   1    |   1   |
| 165  |    70    |   conv2d   |   (4, 4)   |   (4, 4)   |         256         |         1024         |    (1, 1)   | (1, 1) |  (0, 0) |   1    |   1   |
| 167  |    71    |    relu    |   (4, 4)   |   (4, 4)   |         1024        |         1024         |      -      |   -    |    -    |   1    |   1   |
| 170  |    72    |   conv2d   |   (4, 4)   |   (4, 4)   |         1024        |         256          |    (1, 1)   | (1, 1) |  (0, 0) |   1    |   1   |
| 172  |    73    |    relu    |   (4, 4)   |   (4, 4)   |         256         |         256          |      -      |   -    |    -    |   1    |   1   |
| 173  |    74    |   conv2d   |   (4, 4)   |   (4, 4)   |         256         |         256          |    (3, 3)   | (1, 1) |  (1, 1) |   1    |   1   |
| 176  |    75    |    relu    |   (4, 4)   |   (4, 4)   |         256         |         256          |      -      |   -    |    -    |   1    |   1   |
| 178  |    76    |   conv2d   |   (4, 4)   |   (4, 4)   |         256         |         1024         |    (1, 1)   | (1, 1) |  (0, 0) |   1    |   1   |
| 180  |    77    |    relu    |   (4, 4)   |   (4, 4)   |         1024        |         1024         |      -      |   -    |    -    |   1    |   1   |
| 183  |    78    |   conv2d   |   (4, 4)   |   (4, 4)   |         1024        |         256          |    (1, 1)   | (1, 1) |  (0, 0) |   1    |   1   |
| 185  |    79    |    relu    |   (4, 4)   |   (4, 4)   |         256         |         256          |      -      |   -    |    -    |   1    |   1   |
| 186  |    80    |   conv2d   |   (4, 4)   |   (4, 4)   |         256         |         256          |    (3, 3)   | (1, 1) |  (1, 1) |   1    |   1   |
| 189  |    81    |    relu    |   (4, 4)   |   (4, 4)   |         256         |         256          |      -      |   -    |    -    |   1    |   1   |
| 191  |    82    |   conv2d   |   (4, 4)   |   (4, 4)   |         256         |         1024         |    (1, 1)   | (1, 1) |  (0, 0) |   1    |   1   |
| 193  |    83    |    relu    |   (4, 4)   |   (4, 4)   |         1024        |         1024         |      -      |   -    |    -    |   1    |   1   |
| 198  |    84    |   conv2d   |   (4, 4)   |   (4, 4)   |         1024        |         512          |    (1, 1)   | (1, 1) |  (0, 0) |   1    |   1   |
| 200  |    85    |    relu    |   (4, 4)   |   (4, 4)   |         512         |         512          |      -      |   -    |    -    |   1    |   1   |
| 201  |    86    |   conv2d   |   (4, 4)   |   (2, 2)   |         512         |         512          |    (3, 3)   | (2, 2) |  (1, 1) |   1    |   1   |
| 204  |    87    |    relu    |   (2, 2)   |   (2, 2)   |         512         |         512          |      -      |   -    |    -    |   1    |   1   |
| 206  |    88    |   conv2d   |   (2, 2)   |   (2, 2)   |         512         |         2048         |    (1, 1)   | (1, 1) |  (0, 0) |   1    |   1   |
| 208  |    89    |    relu    |   (2, 2)   |   (2, 2)   |         2048        |         2048         |      -      |   -    |    -    |   1    |   1   |
| 210  |    90    |   conv2d   |   (2, 2)   |   (1, 1)   |         1024        |         2048         |    (1, 1)   | (2, 2) |  (0, 0) |   1    |   1   |
| 215  |    91    |   conv2d   |   (1, 1)   |   (1, 1)   |         2048        |         512          |    (1, 1)   | (1, 1) |  (0, 0) |   1    |   1   |
| 217  |    92    |    relu    |   (1, 1)   |   (1, 1)   |         512         |         512          |      -      |   -    |    -    |   1    |   1   |
| 218  |    93    |   conv2d   |   (1, 1)   |   (1, 1)   |         512         |         512          |    (3, 3)   | (1, 1) |  (1, 1) |   1    |   1   |
| 221  |    94    |    relu    |   (1, 1)   |   (1, 1)   |         512         |         512          |      -      |   -    |    -    |   1    |   1   |
| 223  |    95    |   conv2d   |   (1, 1)   |   (1, 1)   |         512         |         2048         |    (1, 1)   | (1, 1) |  (0, 0) |   1    |   1   |
| 225  |    96    |    relu    |   (1, 1)   |   (1, 1)   |         2048        |         2048         |      -      |   -    |    -    |   1    |   1   |
| 228  |    97    |   conv2d   |   (1, 1)   |   (1, 1)   |         2048        |         512          |    (1, 1)   | (1, 1) |  (0, 0) |   1    |   1   |
| 230  |    98    |    relu    |   (1, 1)   |   (1, 1)   |         512         |         512          |      -      |   -    |    -    |   1    |   1   |
| 231  |    99    |   conv2d   |   (1, 1)   |   (1, 1)   |         512         |         512          |    (3, 3)   | (1, 1) |  (1, 1) |   1    |   1   |
| 234  |   100    |    relu    |   (1, 1)   |   (1, 1)   |         512         |         512          |      -      |   -    |    -    |   1    |   1   |
| 236  |   101    |   conv2d   |   (1, 1)   |   (1, 1)   |         512         |         2048         |    (1, 1)   | (1, 1) |  (0, 0) |   1    |   1   |
| 238  |   102    |    relu    |   (1, 1)   |   (1, 1)   |         2048        |         2048         |      -      |   -    |    -    |   1    |   1   |
| 251  |   103    |   linear   |   (1, 1)   |   (1, 1)   |         256         |         256          |      -      |   -    |    -    |   1    |   6   |
| 252  |   104    |   linear   |   (1, 1)   |   (1, 1)   |         256         |         256          |      -      |   -    |    -    |   1    |   6   |
| 253  |   105    |   linear   |   (1, 1)   |   (1, 1)   |         256         |         256          |      -      |   -    |    -    |   1    |   6   |
| 254  |   106    |   linear   |   (1, 1)   |   (1, 1)   |         256         |         256          |      -      |   -    |    -    |   1    |   6   |
| 257  |   107    |    relu    |   (1, 1)   |   (1, 1)   |         256         |         256          |      -      |   -    |    -    |   1    |   6   |
| 258  |   108    |   linear   |   (1, 1)   |   (1, 1)   |         256         |         2048         |      -      |   -    |    -    |   1    |   6   |
| 259  |   109    |   linear   |   (1, 1)   |   (1, 1)   |         2048        |         256          |      -      |   -    |    -    |   1    |   6   |
| 268  |   110    |   linear   |   (1, 1)   |   (1, 1)   |         256         |         256          |      -      |   -    |    -    |   1    |   6   |
| 269  |   111    |   linear   |   (1, 1)   |   (1, 1)   |         256         |         256          |      -      |   -    |    -    |   1    |   6   |
| 270  |   112    |   linear   |   (1, 1)   |   (1, 1)   |         256         |         256          |      -      |   -    |    -    |   1    |   6   |
| 271  |   113    |   linear   |   (1, 1)   |   (1, 1)   |         256         |         256          |      -      |   -    |    -    |   1    |   6   |
| 273  |   114    |    relu    |   (1, 1)   |   (1, 1)   |         256         |         256          |      -      |   -    |    -    |   1    |   6   |
| 276  |   115    |   linear   |   (1, 1)   |   (1, 1)   |         256         |         256          |      -      |   -    |    -    |   1    |   6   |
| 277  |   116    |   linear   |   (1, 1)   |   (1, 1)   |         256         |         256          |      -      |   -    |    -    |   1    |   6   |
| 278  |   117    |   linear   |   (1, 1)   |   (1, 1)   |         256         |         256          |      -      |   -    |    -    |   1    |   6   |
| 279  |   118    |   linear   |   (1, 1)   |   (1, 1)   |         256         |         256          |      -      |   -    |    -    |   1    |   6   |
| 282  |   119    |   linear   |   (1, 1)   |   (1, 1)   |         256         |         2048         |      -      |   -    |    -    |   1    |   6   |
| 283  |   120    |   linear   |   (1, 1)   |   (1, 1)   |         2048        |         256          |      -      |   -    |    -    |   1    |   6   |
+------+----------+------------+------------+------------+---------------------+----------------------+-------------+--------+---------+--------+-------+
