+------+----------+------------+------------+------------+---------------------+----------------------+-------------+--------+---------+--------+-------+
| line | layer_no | layer_type |  in_size   |  out_size  | in_channel/features | out_channel/features | kernel_size | stride | padding | groups | count |
+------+----------+------------+------------+------------+---------------------+----------------------+-------------+--------+---------+--------+-------+
|  3   |    0     |   conv2d   | (224, 224) | (112, 112) |          3          |          16          |    (3, 3)   | (2, 2) |  (1, 1) |   1    |   1   |
|  5   |    1     |    silu    | (112, 112) | (112, 112) |          16         |          16          |      -      |   -    |    -    |   1    |   1   |
|  13  |    2     |   conv2d   | (112, 112) | (112, 112) |          16         |          64          |    (1, 1)   | (1, 1) |  (0, 0) |   1    |   1   |
|  15  |    3     |    silu    | (112, 112) | (112, 112) |          64         |          64          |      -      |   -    |    -    |   1    |   1   |
|  18  |    4     |   conv2d   | (112, 112) | (112, 112) |          64         |          64          |    (3, 3)   | (1, 1) |  (1, 1) |   64   |   1   |
|  20  |    5     |    silu    | (112, 112) | (112, 112) |          64         |          64          |      -      |   -    |    -    |   1    |   1   |
|  23  |    6     |   conv2d   | (112, 112) | (112, 112) |          64         |          32          |    (1, 1)   | (1, 1) |  (0, 0) |   1    |   1   |
|  33  |    7     |   conv2d   | (112, 112) | (112, 112) |          32         |         128          |    (1, 1)   | (1, 1) |  (0, 0) |   1    |   1   |
|  35  |    8     |    silu    | (112, 112) | (112, 112) |         128         |         128          |      -      |   -    |    -    |   1    |   1   |
|  38  |    9     |   conv2d   | (112, 112) |  (56, 56)  |         128         |         128          |    (3, 3)   | (2, 2) |  (1, 1) |  128   |   1   |
|  40  |    10    |    silu    |  (56, 56)  |  (56, 56)  |         128         |         128          |      -      |   -    |    -    |   1    |   1   |
|  43  |    11    |   conv2d   |  (56, 56)  |  (56, 56)  |         128         |          64          |    (1, 1)   | (1, 1) |  (0, 0) |   1    |   1   |
|  49  |    12    |   conv2d   |  (56, 56)  |  (56, 56)  |          64         |         256          |    (1, 1)   | (1, 1) |  (0, 0) |   1    |   2   |
|  51  |    13    |    silu    |  (56, 56)  |  (56, 56)  |         256         |         256          |      -      |   -    |    -    |   1    |   2   |
|  54  |    14    |   conv2d   |  (56, 56)  |  (56, 56)  |         256         |         256          |    (3, 3)   | (1, 1) |  (1, 1) |  256   |   2   |
|  56  |    15    |    silu    |  (56, 56)  |  (56, 56)  |         256         |         256          |      -      |   -    |    -    |   1    |   2   |
|  59  |    16    |   conv2d   |  (56, 56)  |  (56, 56)  |         256         |          64          |    (1, 1)   | (1, 1) |  (0, 0) |   1    |   2   |
|  68  |    17    |   conv2d   |  (56, 56)  |  (56, 56)  |          64         |         256          |    (1, 1)   | (1, 1) |  (0, 0) |   1    |   1   |
|  70  |    18    |    silu    |  (56, 56)  |  (56, 56)  |         256         |         256          |      -      |   -    |    -    |   1    |   1   |
|  73  |    19    |   conv2d   |  (56, 56)  |  (28, 28)  |         256         |         256          |    (3, 3)   | (2, 2) |  (1, 1) |  256   |   1   |
|  75  |    20    |    silu    |  (28, 28)  |  (28, 28)  |         256         |         256          |      -      |   -    |    -    |   1    |   1   |
|  78  |    21    |   conv2d   |  (28, 28)  |  (28, 28)  |         256         |          96          |    (1, 1)   | (1, 1) |  (0, 0) |   1    |   1   |
|  83  |    22    |   conv2d   |  (28, 28)  |  (28, 28)  |          96         |          96          |    (3, 3)   | (1, 1) |  (1, 1) |   1    |   1   |
|  85  |    23    |    silu    |  (28, 28)  |  (28, 28)  |          96         |          96          |      -      |   -    |    -    |   1    |   1   |
|  88  |    24    |   conv2d   |  (28, 28)  |  (28, 28)  |          96         |         144          |    (1, 1)   | (1, 1) |  (0, 0) |   1    |   1   |
|  95  |    25    |   linear   |   (2, 2)   |   (2, 2)   |         144         |         144          |      -      |   -    |    -    |   1    |   2   |
|  96  |    26    |   linear   |   (2, 2)   |   (2, 2)   |         144         |         144          |      -      |   -    |    -    |   1    |   2   |
|  97  |    27    |   linear   |   (2, 2)   |   (2, 2)   |         144         |         144          |      -      |   -    |    -    |   1    |   2   |
| 101  |    28    |   linear   |   (2, 2)   |   (2, 2)   |         144         |         144          |      -      |   -    |    -    |   1    |   2   |
| 106  |    29    |   linear   |   (2, 2)   |   (2, 2)   |         144         |         288          |      -      |   -    |    -    |   1    |   2   |
| 107  |    30    |    silu    |   (2, 2)   |   (2, 2)   |         288         |         288          |      -      |   -    |    -    |   1    |   2   |
| 110  |    31    |   linear   |   (2, 2)   |   (2, 2)   |         288         |         144          |      -      |   -    |    -    |   1    |   2   |
| 120  |    32    |   conv2d   |  (28, 28)  |  (28, 28)  |         144         |          96          |    (1, 1)   | (1, 1) |  (0, 0) |   1    |   1   |
| 122  |    33    |    silu    |  (28, 28)  |  (28, 28)  |          96         |          96          |      -      |   -    |    -    |   1    |   1   |
| 125  |    34    |   conv2d   |  (28, 28)  |  (28, 28)  |         192         |          96          |    (3, 3)   | (1, 1) |  (1, 1) |   1    |   1   |
| 127  |    35    |    silu    |  (28, 28)  |  (28, 28)  |          96         |          96          |      -      |   -    |    -    |   1    |   1   |
| 133  |    36    |   conv2d   |  (28, 28)  |  (28, 28)  |          96         |         384          |    (1, 1)   | (1, 1) |  (0, 0) |   1    |   1   |
| 135  |    37    |    silu    |  (28, 28)  |  (28, 28)  |         384         |         384          |      -      |   -    |    -    |   1    |   1   |
| 138  |    38    |   conv2d   |  (28, 28)  |  (14, 14)  |         384         |         384          |    (3, 3)   | (2, 2) |  (1, 1) |  384   |   1   |
| 140  |    39    |    silu    |  (14, 14)  |  (14, 14)  |         384         |         384          |      -      |   -    |    -    |   1    |   1   |
| 143  |    40    |   conv2d   |  (14, 14)  |  (14, 14)  |         384         |         128          |    (1, 1)   | (1, 1) |  (0, 0) |   1    |   1   |
| 148  |    41    |   conv2d   |  (14, 14)  |  (14, 14)  |         128         |         128          |    (3, 3)   | (1, 1) |  (1, 1) |   1    |   1   |
| 150  |    42    |    silu    |  (14, 14)  |  (14, 14)  |         128         |         128          |      -      |   -    |    -    |   1    |   1   |
| 153  |    43    |   conv2d   |  (14, 14)  |  (14, 14)  |         128         |         192          |    (1, 1)   | (1, 1) |  (0, 0) |   1    |   1   |
| 160  |    44    |   linear   |   (1, 1)   |   (1, 1)   |         192         |         192          |      -      |   -    |    -    |   1    |   4   |
| 161  |    45    |   linear   |   (1, 1)   |   (1, 1)   |         192         |         192          |      -      |   -    |    -    |   1    |   4   |
| 162  |    46    |   linear   |   (1, 1)   |   (1, 1)   |         192         |         192          |      -      |   -    |    -    |   1    |   4   |
| 166  |    47    |   linear   |   (1, 1)   |   (1, 1)   |         192         |         192          |      -      |   -    |    -    |   1    |   4   |
| 171  |    48    |   linear   |   (1, 1)   |   (1, 1)   |         192         |         384          |      -      |   -    |    -    |   1    |   4   |
| 172  |    49    |    silu    |   (1, 1)   |   (1, 1)   |         384         |         384          |      -      |   -    |    -    |   1    |   4   |
| 175  |    50    |   linear   |   (1, 1)   |   (1, 1)   |         384         |         192          |      -      |   -    |    -    |   1    |   4   |
| 185  |    51    |   conv2d   |  (14, 14)  |  (14, 14)  |         192         |         128          |    (1, 1)   | (1, 1) |  (0, 0) |   1    |   1   |
| 187  |    52    |    silu    |  (14, 14)  |  (14, 14)  |         128         |         128          |      -      |   -    |    -    |   1    |   1   |
| 190  |    53    |   conv2d   |  (14, 14)  |  (14, 14)  |         256         |         128          |    (3, 3)   | (1, 1) |  (1, 1) |   1    |   1   |
| 192  |    54    |    silu    |  (14, 14)  |  (14, 14)  |         128         |         128          |      -      |   -    |    -    |   1    |   1   |
| 198  |    55    |   conv2d   |  (14, 14)  |  (14, 14)  |         128         |         512          |    (1, 1)   | (1, 1) |  (0, 0) |   1    |   1   |
| 200  |    56    |    silu    |  (14, 14)  |  (14, 14)  |         512         |         512          |      -      |   -    |    -    |   1    |   1   |
| 203  |    57    |   conv2d   |  (14, 14)  |   (7, 7)   |         512         |         512          |    (3, 3)   | (2, 2) |  (1, 1) |  512   |   1   |
| 205  |    58    |    silu    |   (7, 7)   |   (7, 7)   |         512         |         512          |      -      |   -    |    -    |   1    |   1   |
| 208  |    59    |   conv2d   |   (7, 7)   |   (7, 7)   |         512         |         160          |    (1, 1)   | (1, 1) |  (0, 0) |   1    |   1   |
| 213  |    60    |   conv2d   |   (7, 7)   |   (7, 7)   |         160         |         160          |    (3, 3)   | (1, 1) |  (1, 1) |   1    |   1   |
| 215  |    61    |    silu    |   (7, 7)   |   (7, 7)   |         160         |         160          |      -      |   -    |    -    |   1    |   1   |
| 218  |    62    |   conv2d   |   (7, 7)   |   (7, 7)   |         160         |         240          |    (1, 1)   | (1, 1) |  (0, 0) |   1    |   1   |
| 225  |    63    |   linear   |   (1, 1)   |   (1, 1)   |         240         |         240          |      -      |   -    |    -    |   1    |   3   |
| 226  |    64    |   linear   |   (1, 1)   |   (1, 1)   |         240         |         240          |      -      |   -    |    -    |   1    |   3   |
| 227  |    65    |   linear   |   (1, 1)   |   (1, 1)   |         240         |         240          |      -      |   -    |    -    |   1    |   3   |
| 231  |    66    |   linear   |   (1, 1)   |   (1, 1)   |         240         |         240          |      -      |   -    |    -    |   1    |   3   |
| 236  |    67    |   linear   |   (1, 1)   |   (1, 1)   |         240         |         480          |      -      |   -    |    -    |   1    |   3   |
| 237  |    68    |    silu    |   (1, 1)   |   (1, 1)   |         480         |         480          |      -      |   -    |    -    |   1    |   3   |
| 240  |    69    |   linear   |   (1, 1)   |   (1, 1)   |         480         |         240          |      -      |   -    |    -    |   1    |   3   |
| 250  |    70    |   conv2d   |   (1, 1)   |   (1, 1)   |         240         |         160          |    (1, 1)   | (1, 1) |  (0, 0) |   1    |   1   |
| 252  |    71    |    silu    |   (1, 1)   |   (1, 1)   |         160         |         160          |      -      |   -    |    -    |   1    |   1   |
| 255  |    72    |   conv2d   |   (1, 1)   |   (1, 1)   |         320         |         160          |    (3, 3)   | (1, 1) |  (1, 1) |   1    |   1   |
| 257  |    73    |    silu    |   (1, 1)   |   (1, 1)   |         160         |         160          |      -      |   -    |    -    |   1    |   1   |
| 263  |    74    |   conv2d   |   (1, 1)   |   (1, 1)   |         160         |         640          |    (1, 1)   | (1, 1) |  (0, 0) |   1    |   1   |
| 265  |    75    |    silu    |   (1, 1)   |   (1, 1)   |         640         |         640          |      -      |   -    |    -    |   1    |   1   |
+------+----------+------------+------------+------------+---------------------+----------------------+-------------+--------+---------+--------+-------+
