+------+----------+------------+------------+------------+---------------------+----------------------+-------------+--------+---------+--------+-------+
| line | layer_no | layer_type |  in_size   |  out_size  | in_channel/features | out_channel/features | kernel_size | stride | padding | groups | count |
+------+----------+------------+------------+------------+---------------------+----------------------+-------------+--------+---------+--------+-------+
|  3   |    0     |   conv2d   | (224, 224) | (112, 112) |          3          |          64          |    (7, 7)   | (2, 2) |  (3, 3) |   1    |   1   |
|  5   |    1     |    relu    | (112, 112) | (112, 112) |          64         |          64          |      -      |   -    |    -    |   1    |   1   |
|  6   |    2     | maxpool2d  | (112, 112) |  (56, 56)  |          64         |          64          |      3      |   2    |    1    |   1    |   1   |
|  10  |    3     |    relu    |  (56, 56)  |  (56, 56)  |          64         |          64          |      -      |   -    |    -    |   1    |   1   |
|  11  |    4     |   conv2d   |  (56, 56)  |  (56, 56)  |          64         |         128          |    (1, 1)   | (1, 1) |  (0, 0) |   1    |   1   |
|  13  |    5     |    relu    |  (56, 56)  |  (56, 56)  |         128         |         128          |      -      |   -    |    -    |   1    |   1   |
|  14  |    6     |   conv2d   |  (56, 56)  |  (56, 56)  |         128         |          32          |    (3, 3)   | (1, 1) |  (1, 1) |   1    |   1   |
|  18  |    7     |    relu    |  (56, 56)  |  (56, 56)  |          32         |          32          |      -      |   -    |    -    |   1    |   1   |
|  19  |    8     |   conv2d   |  (56, 56)  |  (56, 56)  |          96         |         128          |    (1, 1)   | (1, 1) |  (0, 0) |   1    |   1   |
|  21  |    9     |    relu    |  (56, 56)  |  (56, 56)  |         128         |         128          |      -      |   -    |    -    |   1    |   1   |
|  22  |    10    |   conv2d   |  (56, 56)  |  (56, 56)  |         128         |          32          |    (3, 3)   | (1, 1) |  (1, 1) |   1    |   1   |
|  26  |    11    |    relu    |  (56, 56)  |  (56, 56)  |          32         |          32          |      -      |   -    |    -    |   1    |   1   |
|  27  |    12    |   conv2d   |  (56, 56)  |  (56, 56)  |         128         |         128          |    (1, 1)   | (1, 1) |  (0, 0) |   1    |   1   |
|  29  |    13    |    relu    |  (56, 56)  |  (56, 56)  |         128         |         128          |      -      |   -    |    -    |   1    |   1   |
|  30  |    14    |   conv2d   |  (56, 56)  |  (56, 56)  |         128         |          32          |    (3, 3)   | (1, 1) |  (1, 1) |   1    |   1   |
|  34  |    15    |    relu    |  (56, 56)  |  (56, 56)  |          32         |          32          |      -      |   -    |    -    |   1    |   1   |
|  35  |    16    |   conv2d   |  (56, 56)  |  (56, 56)  |         160         |         128          |    (1, 1)   | (1, 1) |  (0, 0) |   1    |   1   |
|  37  |    17    |    relu    |  (56, 56)  |  (56, 56)  |         128         |         128          |      -      |   -    |    -    |   1    |   1   |
|  38  |    18    |   conv2d   |  (56, 56)  |  (56, 56)  |         128         |          32          |    (3, 3)   | (1, 1) |  (1, 1) |   1    |   1   |
|  42  |    19    |    relu    |  (56, 56)  |  (56, 56)  |          32         |          32          |      -      |   -    |    -    |   1    |   1   |
|  43  |    20    |   conv2d   |  (56, 56)  |  (56, 56)  |         192         |         128          |    (1, 1)   | (1, 1) |  (0, 0) |   1    |   1   |
|  45  |    21    |    relu    |  (56, 56)  |  (56, 56)  |         128         |         128          |      -      |   -    |    -    |   1    |   1   |
|  46  |    22    |   conv2d   |  (56, 56)  |  (56, 56)  |         128         |          32          |    (3, 3)   | (1, 1) |  (1, 1) |   1    |   1   |
|  50  |    23    |    relu    |  (56, 56)  |  (56, 56)  |          32         |          32          |      -      |   -    |    -    |   1    |   1   |
|  51  |    24    |   conv2d   |  (56, 56)  |  (56, 56)  |         224         |         128          |    (1, 1)   | (1, 1) |  (0, 0) |   1    |   1   |
|  53  |    25    |    relu    |  (56, 56)  |  (56, 56)  |         128         |         128          |      -      |   -    |    -    |   1    |   1   |
|  54  |    26    |   conv2d   |  (56, 56)  |  (56, 56)  |         128         |          32          |    (3, 3)   | (1, 1) |  (1, 1) |   1    |   1   |
|  59  |    27    |    relu    |  (56, 56)  |  (56, 56)  |          32         |          32          |      -      |   -    |    -    |   1    |   1   |
|  60  |    28    |   conv2d   |  (56, 56)  |  (56, 56)  |         256         |         128          |    (1, 1)   | (1, 1) |  (0, 0) |   1    |   1   |
|  61  |    29    | avgpool2d  |  (56, 56)  |  (28, 28)  |         128         |         128          |      2      |   2    |    0    |   1    |   1   |
|  66  |    30    |    relu    |  (28, 28)  |  (28, 28)  |         128         |         128          |      -      |   -    |    -    |   1    |   1   |
|  67  |    31    |   conv2d   |  (28, 28)  |  (28, 28)  |         128         |         128          |    (1, 1)   | (1, 1) |  (0, 0) |   1    |   1   |
|  69  |    32    |    relu    |  (28, 28)  |  (28, 28)  |         128         |         128          |      -      |   -    |    -    |   1    |   1   |
|  70  |    33    |   conv2d   |  (28, 28)  |  (28, 28)  |         128         |          32          |    (3, 3)   | (1, 1) |  (1, 1) |   1    |   1   |
|  74  |    34    |    relu    |  (28, 28)  |  (28, 28)  |          32         |          32          |      -      |   -    |    -    |   1    |   1   |
|  75  |    35    |   conv2d   |  (28, 28)  |  (28, 28)  |         160         |         128          |    (1, 1)   | (1, 1) |  (0, 0) |   1    |   1   |
|  77  |    36    |    relu    |  (28, 28)  |  (28, 28)  |         128         |         128          |      -      |   -    |    -    |   1    |   1   |
|  78  |    37    |   conv2d   |  (28, 28)  |  (28, 28)  |         128         |          32          |    (3, 3)   | (1, 1) |  (1, 1) |   1    |   1   |
|  82  |    38    |    relu    |  (28, 28)  |  (28, 28)  |          32         |          32          |      -      |   -    |    -    |   1    |   1   |
|  83  |    39    |   conv2d   |  (28, 28)  |  (28, 28)  |         192         |         128          |    (1, 1)   | (1, 1) |  (0, 0) |   1    |   1   |
|  85  |    40    |    relu    |  (28, 28)  |  (28, 28)  |         128         |         128          |      -      |   -    |    -    |   1    |   1   |
|  86  |    41    |   conv2d   |  (28, 28)  |  (28, 28)  |         128         |          32          |    (3, 3)   | (1, 1) |  (1, 1) |   1    |   1   |
|  90  |    42    |    relu    |  (28, 28)  |  (28, 28)  |          32         |          32          |      -      |   -    |    -    |   1    |   1   |
|  91  |    43    |   conv2d   |  (28, 28)  |  (28, 28)  |         224         |         128          |    (1, 1)   | (1, 1) |  (0, 0) |   1    |   1   |
|  93  |    44    |    relu    |  (28, 28)  |  (28, 28)  |         128         |         128          |      -      |   -    |    -    |   1    |   1   |
|  94  |    45    |   conv2d   |  (28, 28)  |  (28, 28)  |         128         |          32          |    (3, 3)   | (1, 1) |  (1, 1) |   1    |   1   |
|  98  |    46    |    relu    |  (28, 28)  |  (28, 28)  |          32         |          32          |      -      |   -    |    -    |   1    |   1   |
|  99  |    47    |   conv2d   |  (28, 28)  |  (28, 28)  |         256         |         128          |    (1, 1)   | (1, 1) |  (0, 0) |   1    |   1   |
| 101  |    48    |    relu    |  (28, 28)  |  (28, 28)  |         128         |         128          |      -      |   -    |    -    |   1    |   1   |
| 102  |    49    |   conv2d   |  (28, 28)  |  (28, 28)  |         128         |          32          |    (3, 3)   | (1, 1) |  (1, 1) |   1    |   1   |
| 106  |    50    |    relu    |  (28, 28)  |  (28, 28)  |          32         |          32          |      -      |   -    |    -    |   1    |   1   |
| 107  |    51    |   conv2d   |  (28, 28)  |  (28, 28)  |         288         |         128          |    (1, 1)   | (1, 1) |  (0, 0) |   1    |   1   |
| 109  |    52    |    relu    |  (28, 28)  |  (28, 28)  |         128         |         128          |      -      |   -    |    -    |   1    |   1   |
| 110  |    53    |   conv2d   |  (28, 28)  |  (28, 28)  |         128         |          32          |    (3, 3)   | (1, 1) |  (1, 1) |   1    |   1   |
| 114  |    54    |    relu    |  (28, 28)  |  (28, 28)  |          32         |          32          |      -      |   -    |    -    |   1    |   1   |
| 115  |    55    |   conv2d   |  (28, 28)  |  (28, 28)  |         320         |         128          |    (1, 1)   | (1, 1) |  (0, 0) |   1    |   1   |
| 117  |    56    |    relu    |  (28, 28)  |  (28, 28)  |         128         |         128          |      -      |   -    |    -    |   1    |   1   |
| 118  |    57    |   conv2d   |  (28, 28)  |  (28, 28)  |         128         |          32          |    (3, 3)   | (1, 1) |  (1, 1) |   1    |   1   |
| 122  |    58    |    relu    |  (28, 28)  |  (28, 28)  |          32         |          32          |      -      |   -    |    -    |   1    |   1   |
| 123  |    59    |   conv2d   |  (28, 28)  |  (28, 28)  |         352         |         128          |    (1, 1)   | (1, 1) |  (0, 0) |   1    |   1   |
| 125  |    60    |    relu    |  (28, 28)  |  (28, 28)  |         128         |         128          |      -      |   -    |    -    |   1    |   1   |
| 126  |    61    |   conv2d   |  (28, 28)  |  (28, 28)  |         128         |          32          |    (3, 3)   | (1, 1) |  (1, 1) |   1    |   1   |
| 130  |    62    |    relu    |  (28, 28)  |  (28, 28)  |          32         |          32          |      -      |   -    |    -    |   1    |   1   |
| 131  |    63    |   conv2d   |  (28, 28)  |  (28, 28)  |         384         |         128          |    (1, 1)   | (1, 1) |  (0, 0) |   1    |   1   |
| 133  |    64    |    relu    |  (28, 28)  |  (28, 28)  |         128         |         128          |      -      |   -    |    -    |   1    |   1   |
| 134  |    65    |   conv2d   |  (28, 28)  |  (28, 28)  |         128         |          32          |    (3, 3)   | (1, 1) |  (1, 1) |   1    |   1   |
| 138  |    66    |    relu    |  (28, 28)  |  (28, 28)  |          32         |          32          |      -      |   -    |    -    |   1    |   1   |
| 139  |    67    |   conv2d   |  (28, 28)  |  (28, 28)  |         416         |         128          |    (1, 1)   | (1, 1) |  (0, 0) |   1    |   1   |
| 141  |    68    |    relu    |  (28, 28)  |  (28, 28)  |         128         |         128          |      -      |   -    |    -    |   1    |   1   |
| 142  |    69    |   conv2d   |  (28, 28)  |  (28, 28)  |         128         |          32          |    (3, 3)   | (1, 1) |  (1, 1) |   1    |   1   |
| 146  |    70    |    relu    |  (28, 28)  |  (28, 28)  |          32         |          32          |      -      |   -    |    -    |   1    |   1   |
| 147  |    71    |   conv2d   |  (28, 28)  |  (28, 28)  |         448         |         128          |    (1, 1)   | (1, 1) |  (0, 0) |   1    |   1   |
| 149  |    72    |    relu    |  (28, 28)  |  (28, 28)  |         128         |         128          |      -      |   -    |    -    |   1    |   1   |
| 150  |    73    |   conv2d   |  (28, 28)  |  (28, 28)  |         128         |          32          |    (3, 3)   | (1, 1) |  (1, 1) |   1    |   1   |
| 154  |    74    |    relu    |  (28, 28)  |  (28, 28)  |          32         |          32          |      -      |   -    |    -    |   1    |   1   |
| 155  |    75    |   conv2d   |  (28, 28)  |  (28, 28)  |         480         |         128          |    (1, 1)   | (1, 1) |  (0, 0) |   1    |   1   |
| 157  |    76    |    relu    |  (28, 28)  |  (28, 28)  |         128         |         128          |      -      |   -    |    -    |   1    |   1   |
| 158  |    77    |   conv2d   |  (28, 28)  |  (28, 28)  |         128         |          32          |    (3, 3)   | (1, 1) |  (1, 1) |   1    |   1   |
| 163  |    78    |    relu    |  (28, 28)  |  (28, 28)  |          32         |          32          |      -      |   -    |    -    |   1    |   1   |
| 164  |    79    |   conv2d   |  (28, 28)  |  (28, 28)  |         512         |         256          |    (1, 1)   | (1, 1) |  (0, 0) |   1    |   1   |
| 165  |    80    | avgpool2d  |  (28, 28)  |  (14, 14)  |         256         |         256          |      2      |   2    |    0    |   1    |   1   |
| 170  |    81    |    relu    |  (14, 14)  |  (14, 14)  |         256         |         256          |      -      |   -    |    -    |   1    |   1   |
| 171  |    82    |   conv2d   |  (14, 14)  |  (14, 14)  |         256         |         128          |    (1, 1)   | (1, 1) |  (0, 0) |   1    |   1   |
| 173  |    83    |    relu    |  (14, 14)  |  (14, 14)  |         128         |         128          |      -      |   -    |    -    |   1    |   1   |
| 174  |    84    |   conv2d   |  (14, 14)  |  (14, 14)  |         128         |          32          |    (3, 3)   | (1, 1) |  (1, 1) |   1    |   1   |
| 178  |    85    |    relu    |  (14, 14)  |  (14, 14)  |          32         |          32          |      -      |   -    |    -    |   1    |   1   |
| 179  |    86    |   conv2d   |  (14, 14)  |  (14, 14)  |         288         |         128          |    (1, 1)   | (1, 1) |  (0, 0) |   1    |   1   |
| 181  |    87    |    relu    |  (14, 14)  |  (14, 14)  |         128         |         128          |      -      |   -    |    -    |   1    |   1   |
| 182  |    88    |   conv2d   |  (14, 14)  |  (14, 14)  |         128         |          32          |    (3, 3)   | (1, 1) |  (1, 1) |   1    |   1   |
| 186  |    89    |    relu    |  (14, 14)  |  (14, 14)  |          32         |          32          |      -      |   -    |    -    |   1    |   1   |
| 187  |    90    |   conv2d   |  (14, 14)  |  (14, 14)  |         320         |         128          |    (1, 1)   | (1, 1) |  (0, 0) |   1    |   1   |
| 189  |    91    |    relu    |  (14, 14)  |  (14, 14)  |         128         |         128          |      -      |   -    |    -    |   1    |   1   |
| 190  |    92    |   conv2d   |  (14, 14)  |  (14, 14)  |         128         |          32          |    (3, 3)   | (1, 1) |  (1, 1) |   1    |   1   |
| 194  |    93    |    relu    |  (14, 14)  |  (14, 14)  |          32         |          32          |      -      |   -    |    -    |   1    |   1   |
| 195  |    94    |   conv2d   |  (14, 14)  |  (14, 14)  |         352         |         128          |    (1, 1)   | (1, 1) |  (0, 0) |   1    |   1   |
| 197  |    95    |    relu    |  (14, 14)  |  (14, 14)  |         128         |         128          |      -      |   -    |    -    |   1    |   1   |
| 198  |    96    |   conv2d   |  (14, 14)  |  (14, 14)  |         128         |          32          |    (3, 3)   | (1, 1) |  (1, 1) |   1    |   1   |
| 202  |    97    |    relu    |  (14, 14)  |  (14, 14)  |          32         |          32          |      -      |   -    |    -    |   1    |   1   |
| 203  |    98    |   conv2d   |  (14, 14)  |  (14, 14)  |         384         |         128          |    (1, 1)   | (1, 1) |  (0, 0) |   1    |   1   |
| 205  |    99    |    relu    |  (14, 14)  |  (14, 14)  |         128         |         128          |      -      |   -    |    -    |   1    |   1   |
| 206  |   100    |   conv2d   |  (14, 14)  |  (14, 14)  |         128         |          32          |    (3, 3)   | (1, 1) |  (1, 1) |   1    |   1   |
| 210  |   101    |    relu    |  (14, 14)  |  (14, 14)  |          32         |          32          |      -      |   -    |    -    |   1    |   1   |
| 211  |   102    |   conv2d   |  (14, 14)  |  (14, 14)  |         416         |         128          |    (1, 1)   | (1, 1) |  (0, 0) |   1    |   1   |
| 213  |   103    |    relu    |  (14, 14)  |  (14, 14)  |         128         |         128          |      -      |   -    |    -    |   1    |   1   |
| 214  |   104    |   conv2d   |  (14, 14)  |  (14, 14)  |         128         |          32          |    (3, 3)   | (1, 1) |  (1, 1) |   1    |   1   |
| 218  |   105    |    relu    |  (14, 14)  |  (14, 14)  |          32         |          32          |      -      |   -    |    -    |   1    |   1   |
| 219  |   106    |   conv2d   |  (14, 14)  |  (14, 14)  |         448         |         128          |    (1, 1)   | (1, 1) |  (0, 0) |   1    |   1   |
| 221  |   107    |    relu    |  (14, 14)  |  (14, 14)  |         128         |         128          |      -      |   -    |    -    |   1    |   1   |
| 222  |   108    |   conv2d   |  (14, 14)  |  (14, 14)  |         128         |          32          |    (3, 3)   | (1, 1) |  (1, 1) |   1    |   1   |
| 226  |   109    |    relu    |  (14, 14)  |  (14, 14)  |          32         |          32          |      -      |   -    |    -    |   1    |   1   |
| 227  |   110    |   conv2d   |  (14, 14)  |  (14, 14)  |         480         |         128          |    (1, 1)   | (1, 1) |  (0, 0) |   1    |   1   |
| 229  |   111    |    relu    |  (14, 14)  |  (14, 14)  |         128         |         128          |      -      |   -    |    -    |   1    |   1   |
| 230  |   112    |   conv2d   |  (14, 14)  |  (14, 14)  |         128         |          32          |    (3, 3)   | (1, 1) |  (1, 1) |   1    |   1   |
| 234  |   113    |    relu    |  (14, 14)  |  (14, 14)  |          32         |          32          |      -      |   -    |    -    |   1    |   1   |
| 235  |   114    |   conv2d   |  (14, 14)  |  (14, 14)  |         512         |         128          |    (1, 1)   | (1, 1) |  (0, 0) |   1    |   1   |
| 237  |   115    |    relu    |  (14, 14)  |  (14, 14)  |         128         |         128          |      -      |   -    |    -    |   1    |   1   |
| 238  |   116    |   conv2d   |  (14, 14)  |  (14, 14)  |         128         |          32          |    (3, 3)   | (1, 1) |  (1, 1) |   1    |   1   |
| 242  |   117    |    relu    |  (14, 14)  |  (14, 14)  |          32         |          32          |      -      |   -    |    -    |   1    |   1   |
| 243  |   118    |   conv2d   |  (14, 14)  |  (14, 14)  |         544         |         128          |    (1, 1)   | (1, 1) |  (0, 0) |   1    |   1   |
| 245  |   119    |    relu    |  (14, 14)  |  (14, 14)  |         128         |         128          |      -      |   -    |    -    |   1    |   1   |
| 246  |   120    |   conv2d   |  (14, 14)  |  (14, 14)  |         128         |          32          |    (3, 3)   | (1, 1) |  (1, 1) |   1    |   1   |
| 250  |   121    |    relu    |  (14, 14)  |  (14, 14)  |          32         |          32          |      -      |   -    |    -    |   1    |   1   |
| 251  |   122    |   conv2d   |  (14, 14)  |  (14, 14)  |         576         |         128          |    (1, 1)   | (1, 1) |  (0, 0) |   1    |   1   |
| 253  |   123    |    relu    |  (14, 14)  |  (14, 14)  |         128         |         128          |      -      |   -    |    -    |   1    |   1   |
| 254  |   124    |   conv2d   |  (14, 14)  |  (14, 14)  |         128         |          32          |    (3, 3)   | (1, 1) |  (1, 1) |   1    |   1   |
| 258  |   125    |    relu    |  (14, 14)  |  (14, 14)  |          32         |          32          |      -      |   -    |    -    |   1    |   1   |
| 259  |   126    |   conv2d   |  (14, 14)  |  (14, 14)  |         608         |         128          |    (1, 1)   | (1, 1) |  (0, 0) |   1    |   1   |
| 261  |   127    |    relu    |  (14, 14)  |  (14, 14)  |         128         |         128          |      -      |   -    |    -    |   1    |   1   |
| 262  |   128    |   conv2d   |  (14, 14)  |  (14, 14)  |         128         |          32          |    (3, 3)   | (1, 1) |  (1, 1) |   1    |   1   |
| 266  |   129    |    relu    |  (14, 14)  |  (14, 14)  |          32         |          32          |      -      |   -    |    -    |   1    |   1   |
| 267  |   130    |   conv2d   |  (14, 14)  |  (14, 14)  |         640         |         128          |    (1, 1)   | (1, 1) |  (0, 0) |   1    |   1   |
| 269  |   131    |    relu    |  (14, 14)  |  (14, 14)  |         128         |         128          |      -      |   -    |    -    |   1    |   1   |
| 270  |   132    |   conv2d   |  (14, 14)  |  (14, 14)  |         128         |          32          |    (3, 3)   | (1, 1) |  (1, 1) |   1    |   1   |
| 274  |   133    |    relu    |  (14, 14)  |  (14, 14)  |          32         |          32          |      -      |   -    |    -    |   1    |   1   |
| 275  |   134    |   conv2d   |  (14, 14)  |  (14, 14)  |         672         |         128          |    (1, 1)   | (1, 1) |  (0, 0) |   1    |   1   |
| 277  |   135    |    relu    |  (14, 14)  |  (14, 14)  |         128         |         128          |      -      |   -    |    -    |   1    |   1   |
| 278  |   136    |   conv2d   |  (14, 14)  |  (14, 14)  |         128         |          32          |    (3, 3)   | (1, 1) |  (1, 1) |   1    |   1   |
| 282  |   137    |    relu    |  (14, 14)  |  (14, 14)  |          32         |          32          |      -      |   -    |    -    |   1    |   1   |
| 283  |   138    |   conv2d   |  (14, 14)  |  (14, 14)  |         704         |         128          |    (1, 1)   | (1, 1) |  (0, 0) |   1    |   1   |
| 285  |   139    |    relu    |  (14, 14)  |  (14, 14)  |         128         |         128          |      -      |   -    |    -    |   1    |   1   |
| 286  |   140    |   conv2d   |  (14, 14)  |  (14, 14)  |         128         |          32          |    (3, 3)   | (1, 1) |  (1, 1) |   1    |   1   |
| 290  |   141    |    relu    |  (14, 14)  |  (14, 14)  |          32         |          32          |      -      |   -    |    -    |   1    |   1   |
| 291  |   142    |   conv2d   |  (14, 14)  |  (14, 14)  |         736         |         128          |    (1, 1)   | (1, 1) |  (0, 0) |   1    |   1   |
| 293  |   143    |    relu    |  (14, 14)  |  (14, 14)  |         128         |         128          |      -      |   -    |    -    |   1    |   1   |
| 294  |   144    |   conv2d   |  (14, 14)  |  (14, 14)  |         128         |          32          |    (3, 3)   | (1, 1) |  (1, 1) |   1    |   1   |
| 298  |   145    |    relu    |  (14, 14)  |  (14, 14)  |          32         |          32          |      -      |   -    |    -    |   1    |   1   |
| 299  |   146    |   conv2d   |  (14, 14)  |  (14, 14)  |         768         |         128          |    (1, 1)   | (1, 1) |  (0, 0) |   1    |   1   |
| 301  |   147    |    relu    |  (14, 14)  |  (14, 14)  |         128         |         128          |      -      |   -    |    -    |   1    |   1   |
| 302  |   148    |   conv2d   |  (14, 14)  |  (14, 14)  |         128         |          32          |    (3, 3)   | (1, 1) |  (1, 1) |   1    |   1   |
| 306  |   149    |    relu    |  (14, 14)  |  (14, 14)  |          32         |          32          |      -      |   -    |    -    |   1    |   1   |
| 307  |   150    |   conv2d   |  (14, 14)  |  (14, 14)  |         800         |         128          |    (1, 1)   | (1, 1) |  (0, 0) |   1    |   1   |
| 309  |   151    |    relu    |  (14, 14)  |  (14, 14)  |         128         |         128          |      -      |   -    |    -    |   1    |   1   |
| 310  |   152    |   conv2d   |  (14, 14)  |  (14, 14)  |         128         |          32          |    (3, 3)   | (1, 1) |  (1, 1) |   1    |   1   |
| 314  |   153    |    relu    |  (14, 14)  |  (14, 14)  |          32         |          32          |      -      |   -    |    -    |   1    |   1   |
| 315  |   154    |   conv2d   |  (14, 14)  |  (14, 14)  |         832         |         128          |    (1, 1)   | (1, 1) |  (0, 0) |   1    |   1   |
| 317  |   155    |    relu    |  (14, 14)  |  (14, 14)  |         128         |         128          |      -      |   -    |    -    |   1    |   1   |
| 318  |   156    |   conv2d   |  (14, 14)  |  (14, 14)  |         128         |          32          |    (3, 3)   | (1, 1) |  (1, 1) |   1    |   1   |
| 322  |   157    |    relu    |  (14, 14)  |  (14, 14)  |          32         |          32          |      -      |   -    |    -    |   1    |   1   |
| 323  |   158    |   conv2d   |  (14, 14)  |  (14, 14)  |         864         |         128          |    (1, 1)   | (1, 1) |  (0, 0) |   1    |   1   |
| 325  |   159    |    relu    |  (14, 14)  |  (14, 14)  |         128         |         128          |      -      |   -    |    -    |   1    |   1   |
| 326  |   160    |   conv2d   |  (14, 14)  |  (14, 14)  |         128         |          32          |    (3, 3)   | (1, 1) |  (1, 1) |   1    |   1   |
| 330  |   161    |    relu    |  (14, 14)  |  (14, 14)  |          32         |          32          |      -      |   -    |    -    |   1    |   1   |
| 331  |   162    |   conv2d   |  (14, 14)  |  (14, 14)  |         896         |         128          |    (1, 1)   | (1, 1) |  (0, 0) |   1    |   1   |
| 333  |   163    |    relu    |  (14, 14)  |  (14, 14)  |         128         |         128          |      -      |   -    |    -    |   1    |   1   |
| 334  |   164    |   conv2d   |  (14, 14)  |  (14, 14)  |         128         |          32          |    (3, 3)   | (1, 1) |  (1, 1) |   1    |   1   |
| 338  |   165    |    relu    |  (14, 14)  |  (14, 14)  |          32         |          32          |      -      |   -    |    -    |   1    |   1   |
| 339  |   166    |   conv2d   |  (14, 14)  |  (14, 14)  |         928         |         128          |    (1, 1)   | (1, 1) |  (0, 0) |   1    |   1   |
| 341  |   167    |    relu    |  (14, 14)  |  (14, 14)  |         128         |         128          |      -      |   -    |    -    |   1    |   1   |
| 342  |   168    |   conv2d   |  (14, 14)  |  (14, 14)  |         128         |          32          |    (3, 3)   | (1, 1) |  (1, 1) |   1    |   1   |
| 346  |   169    |    relu    |  (14, 14)  |  (14, 14)  |          32         |          32          |      -      |   -    |    -    |   1    |   1   |
| 347  |   170    |   conv2d   |  (14, 14)  |  (14, 14)  |         960         |         128          |    (1, 1)   | (1, 1) |  (0, 0) |   1    |   1   |
| 349  |   171    |    relu    |  (14, 14)  |  (14, 14)  |         128         |         128          |      -      |   -    |    -    |   1    |   1   |
| 350  |   172    |   conv2d   |  (14, 14)  |  (14, 14)  |         128         |          32          |    (3, 3)   | (1, 1) |  (1, 1) |   1    |   1   |
| 354  |   173    |    relu    |  (14, 14)  |  (14, 14)  |          32         |          32          |      -      |   -    |    -    |   1    |   1   |
| 355  |   174    |   conv2d   |  (14, 14)  |  (14, 14)  |         992         |         128          |    (1, 1)   | (1, 1) |  (0, 0) |   1    |   1   |
| 357  |   175    |    relu    |  (14, 14)  |  (14, 14)  |         128         |         128          |      -      |   -    |    -    |   1    |   1   |
| 358  |   176    |   conv2d   |  (14, 14)  |  (14, 14)  |         128         |          32          |    (3, 3)   | (1, 1) |  (1, 1) |   1    |   1   |
| 363  |   177    |    relu    |  (14, 14)  |  (14, 14)  |          32         |          32          |      -      |   -    |    -    |   1    |   1   |
| 364  |   178    |   conv2d   |  (14, 14)  |  (14, 14)  |         1024        |         512          |    (1, 1)   | (1, 1) |  (0, 0) |   1    |   1   |
| 365  |   179    | avgpool2d  |  (14, 14)  |   (7, 7)   |         512         |         512          |      2      |   2    |    0    |   1    |   1   |
| 370  |   180    |    relu    |   (7, 7)   |   (7, 7)   |         512         |         512          |      -      |   -    |    -    |   1    |   1   |
| 371  |   181    |   conv2d   |   (7, 7)   |   (7, 7)   |         512         |         128          |    (1, 1)   | (1, 1) |  (0, 0) |   1    |   1   |
| 373  |   182    |    relu    |   (7, 7)   |   (7, 7)   |         128         |         128          |      -      |   -    |    -    |   1    |   1   |
| 374  |   183    |   conv2d   |   (7, 7)   |   (7, 7)   |         128         |          32          |    (3, 3)   | (1, 1) |  (1, 1) |   1    |   1   |
| 378  |   184    |    relu    |   (7, 7)   |   (7, 7)   |          32         |          32          |      -      |   -    |    -    |   1    |   1   |
| 379  |   185    |   conv2d   |   (7, 7)   |   (7, 7)   |         544         |         128          |    (1, 1)   | (1, 1) |  (0, 0) |   1    |   1   |
| 381  |   186    |    relu    |   (7, 7)   |   (7, 7)   |         128         |         128          |      -      |   -    |    -    |   1    |   1   |
| 382  |   187    |   conv2d   |   (7, 7)   |   (7, 7)   |         128         |          32          |    (3, 3)   | (1, 1) |  (1, 1) |   1    |   1   |
| 386  |   188    |    relu    |   (7, 7)   |   (7, 7)   |          32         |          32          |      -      |   -    |    -    |   1    |   1   |
| 387  |   189    |   conv2d   |   (7, 7)   |   (7, 7)   |         576         |         128          |    (1, 1)   | (1, 1) |  (0, 0) |   1    |   1   |
| 389  |   190    |    relu    |   (7, 7)   |   (7, 7)   |         128         |         128          |      -      |   -    |    -    |   1    |   1   |
| 390  |   191    |   conv2d   |   (7, 7)   |   (7, 7)   |         128         |          32          |    (3, 3)   | (1, 1) |  (1, 1) |   1    |   1   |
| 394  |   192    |    relu    |   (7, 7)   |   (7, 7)   |          32         |          32          |      -      |   -    |    -    |   1    |   1   |
| 395  |   193    |   conv2d   |   (7, 7)   |   (7, 7)   |         608         |         128          |    (1, 1)   | (1, 1) |  (0, 0) |   1    |   1   |
| 397  |   194    |    relu    |   (7, 7)   |   (7, 7)   |         128         |         128          |      -      |   -    |    -    |   1    |   1   |
| 398  |   195    |   conv2d   |   (7, 7)   |   (7, 7)   |         128         |          32          |    (3, 3)   | (1, 1) |  (1, 1) |   1    |   1   |
| 402  |   196    |    relu    |   (7, 7)   |   (7, 7)   |          32         |          32          |      -      |   -    |    -    |   1    |   1   |
| 403  |   197    |   conv2d   |   (7, 7)   |   (7, 7)   |         640         |         128          |    (1, 1)   | (1, 1) |  (0, 0) |   1    |   1   |
| 405  |   198    |    relu    |   (7, 7)   |   (7, 7)   |         128         |         128          |      -      |   -    |    -    |   1    |   1   |
| 406  |   199    |   conv2d   |   (7, 7)   |   (7, 7)   |         128         |          32          |    (3, 3)   | (1, 1) |  (1, 1) |   1    |   1   |
| 410  |   200    |    relu    |   (7, 7)   |   (7, 7)   |          32         |          32          |      -      |   -    |    -    |   1    |   1   |
| 411  |   201    |   conv2d   |   (7, 7)   |   (7, 7)   |         672         |         128          |    (1, 1)   | (1, 1) |  (0, 0) |   1    |   1   |
| 413  |   202    |    relu    |   (7, 7)   |   (7, 7)   |         128         |         128          |      -      |   -    |    -    |   1    |   1   |
| 414  |   203    |   conv2d   |   (7, 7)   |   (7, 7)   |         128         |          32          |    (3, 3)   | (1, 1) |  (1, 1) |   1    |   1   |
| 418  |   204    |    relu    |   (7, 7)   |   (7, 7)   |          32         |          32          |      -      |   -    |    -    |   1    |   1   |
| 419  |   205    |   conv2d   |   (7, 7)   |   (7, 7)   |         704         |         128          |    (1, 1)   | (1, 1) |  (0, 0) |   1    |   1   |
| 421  |   206    |    relu    |   (7, 7)   |   (7, 7)   |         128         |         128          |      -      |   -    |    -    |   1    |   1   |
| 422  |   207    |   conv2d   |   (7, 7)   |   (7, 7)   |         128         |          32          |    (3, 3)   | (1, 1) |  (1, 1) |   1    |   1   |
| 426  |   208    |    relu    |   (7, 7)   |   (7, 7)   |          32         |          32          |      -      |   -    |    -    |   1    |   1   |
| 427  |   209    |   conv2d   |   (7, 7)   |   (7, 7)   |         736         |         128          |    (1, 1)   | (1, 1) |  (0, 0) |   1    |   1   |
| 429  |   210    |    relu    |   (7, 7)   |   (7, 7)   |         128         |         128          |      -      |   -    |    -    |   1    |   1   |
| 430  |   211    |   conv2d   |   (7, 7)   |   (7, 7)   |         128         |          32          |    (3, 3)   | (1, 1) |  (1, 1) |   1    |   1   |
| 434  |   212    |    relu    |   (7, 7)   |   (7, 7)   |          32         |          32          |      -      |   -    |    -    |   1    |   1   |
| 435  |   213    |   conv2d   |   (7, 7)   |   (7, 7)   |         768         |         128          |    (1, 1)   | (1, 1) |  (0, 0) |   1    |   1   |
| 437  |   214    |    relu    |   (7, 7)   |   (7, 7)   |         128         |         128          |      -      |   -    |    -    |   1    |   1   |
| 438  |   215    |   conv2d   |   (7, 7)   |   (7, 7)   |         128         |          32          |    (3, 3)   | (1, 1) |  (1, 1) |   1    |   1   |
| 442  |   216    |    relu    |   (7, 7)   |   (7, 7)   |          32         |          32          |      -      |   -    |    -    |   1    |   1   |
| 443  |   217    |   conv2d   |   (7, 7)   |   (7, 7)   |         800         |         128          |    (1, 1)   | (1, 1) |  (0, 0) |   1    |   1   |
| 445  |   218    |    relu    |   (7, 7)   |   (7, 7)   |         128         |         128          |      -      |   -    |    -    |   1    |   1   |
| 446  |   219    |   conv2d   |   (7, 7)   |   (7, 7)   |         128         |          32          |    (3, 3)   | (1, 1) |  (1, 1) |   1    |   1   |
| 450  |   220    |    relu    |   (7, 7)   |   (7, 7)   |          32         |          32          |      -      |   -    |    -    |   1    |   1   |
| 451  |   221    |   conv2d   |   (7, 7)   |   (7, 7)   |         832         |         128          |    (1, 1)   | (1, 1) |  (0, 0) |   1    |   1   |
| 453  |   222    |    relu    |   (7, 7)   |   (7, 7)   |         128         |         128          |      -      |   -    |    -    |   1    |   1   |
| 454  |   223    |   conv2d   |   (7, 7)   |   (7, 7)   |         128         |          32          |    (3, 3)   | (1, 1) |  (1, 1) |   1    |   1   |
| 458  |   224    |    relu    |   (7, 7)   |   (7, 7)   |          32         |          32          |      -      |   -    |    -    |   1    |   1   |
| 459  |   225    |   conv2d   |   (7, 7)   |   (7, 7)   |         864         |         128          |    (1, 1)   | (1, 1) |  (0, 0) |   1    |   1   |
| 461  |   226    |    relu    |   (7, 7)   |   (7, 7)   |         128         |         128          |      -      |   -    |    -    |   1    |   1   |
| 462  |   227    |   conv2d   |   (7, 7)   |   (7, 7)   |         128         |          32          |    (3, 3)   | (1, 1) |  (1, 1) |   1    |   1   |
| 466  |   228    |    relu    |   (7, 7)   |   (7, 7)   |          32         |          32          |      -      |   -    |    -    |   1    |   1   |
| 467  |   229    |   conv2d   |   (7, 7)   |   (7, 7)   |         896         |         128          |    (1, 1)   | (1, 1) |  (0, 0) |   1    |   1   |
| 469  |   230    |    relu    |   (7, 7)   |   (7, 7)   |         128         |         128          |      -      |   -    |    -    |   1    |   1   |
| 470  |   231    |   conv2d   |   (7, 7)   |   (7, 7)   |         128         |          32          |    (3, 3)   | (1, 1) |  (1, 1) |   1    |   1   |
| 474  |   232    |    relu    |   (7, 7)   |   (7, 7)   |          32         |          32          |      -      |   -    |    -    |   1    |   1   |
| 475  |   233    |   conv2d   |   (7, 7)   |   (7, 7)   |         928         |         128          |    (1, 1)   | (1, 1) |  (0, 0) |   1    |   1   |
| 477  |   234    |    relu    |   (7, 7)   |   (7, 7)   |         128         |         128          |      -      |   -    |    -    |   1    |   1   |
| 478  |   235    |   conv2d   |   (7, 7)   |   (7, 7)   |         128         |          32          |    (3, 3)   | (1, 1) |  (1, 1) |   1    |   1   |
| 482  |   236    |    relu    |   (7, 7)   |   (7, 7)   |          32         |          32          |      -      |   -    |    -    |   1    |   1   |
| 483  |   237    |   conv2d   |   (7, 7)   |   (7, 7)   |         960         |         128          |    (1, 1)   | (1, 1) |  (0, 0) |   1    |   1   |
| 485  |   238    |    relu    |   (7, 7)   |   (7, 7)   |         128         |         128          |      -      |   -    |    -    |   1    |   1   |
| 486  |   239    |   conv2d   |   (7, 7)   |   (7, 7)   |         128         |          32          |    (3, 3)   | (1, 1) |  (1, 1) |   1    |   1   |
| 490  |   240    |    relu    |   (7, 7)   |   (7, 7)   |          32         |          32          |      -      |   -    |    -    |   1    |   1   |
| 491  |   241    |   conv2d   |   (7, 7)   |   (7, 7)   |         992         |         128          |    (1, 1)   | (1, 1) |  (0, 0) |   1    |   1   |
| 493  |   242    |    relu    |   (7, 7)   |   (7, 7)   |         128         |         128          |      -      |   -    |    -    |   1    |   1   |
| 494  |   243    |   conv2d   |   (7, 7)   |   (7, 7)   |         128         |          32          |    (3, 3)   | (1, 1) |  (1, 1) |   1    |   1   |
| 499  |   244    |   linear   |   (1, 1)   |   (1, 1)   |         1024        |         1000         |      -      |   -    |    -    |   1    |   1   |
+------+----------+------------+------------+------------+---------------------+----------------------+-------------+--------+---------+--------+-------+
