+------+----------+-------------------+------------+------------+---------------------+----------------------+-------------+--------+---------+-------+
| line | layer_no |     layer_type    |  in_size   |  out_size  | in_channel/features | out_channel/features | kernel_size | stride | padding | count |
+------+----------+-------------------+------------+------------+---------------------+----------------------+-------------+--------+---------+-------+
|  4   |    0     |       conv2d      | (224, 224) | (112, 112) |          14         |          32          |    (3, 3)   | (2, 2) |  (1, 1) |   1   |
|  6   |    1     |        relu       | (112, 112) | (112, 112) |          32         |          32          |      -      |   -    |    -    |   1   |
|  7   |    2     |       conv2d      | (112, 112) | (112, 112) |          32         |          32          |    (3, 3)   | (1, 1) |  (1, 1) |   1   |
|  9   |    3     |        relu       | (112, 112) | (112, 112) |          32         |          32          |      -      |   -    |    -    |   1   |
|  10  |    4     |       conv2d      | (112, 112) | (112, 112) |          32         |          64          |    (3, 3)   | (1, 1) |  (1, 1) |   1   |
|  12  |    5     |        relu       | (112, 112) | (112, 112) |          64         |          64          |      -      |   -    |    -    |   1   |
|  14  |    6     |     maxpool2d     | (112, 112) |  (56, 56)  |          64         |          64          |      3      |   2    |    1    |   1   |
|  17  |    7     |       conv2d      |  (56, 56)  |  (56, 56)  |          64         |          64          |    (1, 1)   | (1, 1) |  (0, 0) |   1   |
|  19  |    8     |       conv2d      |  (56, 56)  |  (56, 56)  |          64         |          64          |    (3, 3)   | (1, 1) |  (1, 1) |   1   |
|  21  |    9     |       conv2d      |  (56, 56)  |  (56, 56)  |          64         |         256          |    (1, 1)   | (1, 1) |  (0, 0) |   1   |
|  23  |    10    |        relu       |  (56, 56)  |  (56, 56)  |         256         |         256          |      -      |   -    |    -    |   1   |
|  25  |    11    |       conv2d      |  (56, 56)  |  (56, 56)  |          64         |         256          |    (1, 1)   | (1, 1) |  (0, 0) |   1   |
|  30  |    12    |       conv2d      |  (56, 56)  |  (56, 56)  |         256         |          64          |    (1, 1)   | (1, 1) |  (0, 0) |   1   |
|  32  |    13    |       conv2d      |  (56, 56)  |  (56, 56)  |          64         |          64          |    (3, 3)   | (1, 1) |  (1, 1) |   1   |
|  34  |    14    |       conv2d      |  (56, 56)  |  (56, 56)  |          64         |         256          |    (1, 1)   | (1, 1) |  (0, 0) |   1   |
|  36  |    15    |        relu       |  (56, 56)  |  (56, 56)  |         256         |         256          |      -      |   -    |    -    |   1   |
|  39  |    16    |       conv2d      |  (56, 56)  |  (56, 56)  |         256         |          64          |    (1, 1)   | (1, 1) |  (0, 0) |   1   |
|  41  |    17    |       conv2d      |  (56, 56)  |  (56, 56)  |          64         |          64          |    (3, 3)   | (1, 1) |  (1, 1) |   1   |
|  43  |    18    |       conv2d      |  (56, 56)  |  (56, 56)  |          64         |         256          |    (1, 1)   | (1, 1) |  (0, 0) |   1   |
|  45  |    19    |        relu       |  (56, 56)  |  (56, 56)  |         256         |         256          |      -      |   -    |    -    |   1   |
|  50  |    20    |       conv2d      |  (56, 56)  |  (56, 56)  |         256         |         128          |    (1, 1)   | (1, 1) |  (0, 0) |   1   |
|  52  |    21    |       conv2d      |  (56, 56)  |  (28, 28)  |         128         |         128          |    (3, 3)   | (2, 2) |  (1, 1) |   1   |
|  54  |    22    |       conv2d      |  (28, 28)  |  (28, 28)  |         128         |         512          |    (1, 1)   | (1, 1) |  (0, 0) |   1   |
|  56  |    23    |        relu       |  (28, 28)  |  (28, 28)  |         512         |         512          |      -      |   -    |    -    |   1   |
|  58  |    24    |       conv2d      |  (28, 28)  |  (14, 14)  |         256         |         512          |    (1, 1)   | (2, 2) |  (0, 0) |   1   |
|  63  |    25    |       conv2d      |  (14, 14)  |  (14, 14)  |         512         |         128          |    (1, 1)   | (1, 1) |  (0, 0) |   1   |
|  65  |    26    |       conv2d      |  (14, 14)  |  (14, 14)  |         128         |         128          |    (3, 3)   | (1, 1) |  (1, 1) |   1   |
|  67  |    27    |       conv2d      |  (14, 14)  |  (14, 14)  |         128         |         512          |    (1, 1)   | (1, 1) |  (0, 0) |   1   |
|  69  |    28    |        relu       |  (14, 14)  |  (14, 14)  |         512         |         512          |      -      |   -    |    -    |   1   |
|  72  |    29    |       conv2d      |  (14, 14)  |  (14, 14)  |         512         |         128          |    (1, 1)   | (1, 1) |  (0, 0) |   1   |
|  74  |    30    |       conv2d      |  (14, 14)  |  (14, 14)  |         128         |         128          |    (3, 3)   | (1, 1) |  (1, 1) |   1   |
|  76  |    31    |       conv2d      |  (14, 14)  |  (14, 14)  |         128         |         512          |    (1, 1)   | (1, 1) |  (0, 0) |   1   |
|  78  |    32    |        relu       |  (14, 14)  |  (14, 14)  |         512         |         512          |      -      |   -    |    -    |   1   |
|  81  |    33    |       conv2d      |  (14, 14)  |  (14, 14)  |         512         |         128          |    (1, 1)   | (1, 1) |  (0, 0) |   1   |
|  83  |    34    |       conv2d      |  (14, 14)  |  (14, 14)  |         128         |         128          |    (3, 3)   | (1, 1) |  (1, 1) |   1   |
|  85  |    35    |       conv2d      |  (14, 14)  |  (14, 14)  |         128         |         512          |    (1, 1)   | (1, 1) |  (0, 0) |   1   |
|  87  |    36    |        relu       |  (14, 14)  |  (14, 14)  |         512         |         512          |      -      |   -    |    -    |   1   |
|  92  |    37    |       conv2d      |  (14, 14)  |  (14, 14)  |         512         |         256          |    (1, 1)   | (1, 1) |  (0, 0) |   1   |
|  94  |    38    |       conv2d      |  (14, 14)  |  (14, 14)  |         256         |         256          |    (3, 3)   | (1, 1) |  (1, 1) |   1   |
|  96  |    39    |       conv2d      |  (14, 14)  |  (14, 14)  |         256         |         1024         |    (1, 1)   | (1, 1) |  (0, 0) |   1   |
|  98  |    40    |        relu       |  (14, 14)  |  (14, 14)  |         1024        |         1024         |      -      |   -    |    -    |   1   |
| 100  |    41    |       conv2d      |  (14, 14)  |  (14, 14)  |         512         |         1024         |    (1, 1)   | (1, 1) |  (0, 0) |   1   |
| 105  |    42    |       conv2d      |  (14, 14)  |  (14, 14)  |         1024        |         256          |    (1, 1)   | (1, 1) |  (0, 0) |   1   |
| 107  |    43    |       conv2d      |  (14, 14)  |  (16, 16)  |         256         |         256          |    (3, 3)   | (1, 1) |  (2, 2) |   1   |
| 109  |    44    |       conv2d      |  (16, 16)  |  (16, 16)  |         256         |         1024         |    (1, 1)   | (1, 1) |  (0, 0) |   1   |
| 111  |    45    |        relu       |  (16, 16)  |  (16, 16)  |         1024        |         1024         |      -      |   -    |    -    |   1   |
| 114  |    46    |       conv2d      |  (16, 16)  |  (16, 16)  |         1024        |         256          |    (1, 1)   | (1, 1) |  (0, 0) |   1   |
| 116  |    47    |       conv2d      |  (16, 16)  |  (18, 18)  |         256         |         256          |    (3, 3)   | (1, 1) |  (2, 2) |   1   |
| 118  |    48    |       conv2d      |  (18, 18)  |  (18, 18)  |         256         |         1024         |    (1, 1)   | (1, 1) |  (0, 0) |   1   |
| 120  |    49    |        relu       |  (18, 18)  |  (18, 18)  |         1024        |         1024         |      -      |   -    |    -    |   1   |
| 123  |    50    |       conv2d      |  (18, 18)  |  (18, 18)  |         1024        |         256          |    (1, 1)   | (1, 1) |  (0, 0) |   1   |
| 125  |    51    |       conv2d      |  (18, 18)  |  (20, 20)  |         256         |         256          |    (3, 3)   | (1, 1) |  (2, 2) |   1   |
| 127  |    52    |       conv2d      |  (20, 20)  |  (20, 20)  |         256         |         1024         |    (1, 1)   | (1, 1) |  (0, 0) |   1   |
| 129  |    53    |        relu       |  (20, 20)  |  (20, 20)  |         1024        |         1024         |      -      |   -    |    -    |   1   |
| 132  |    54    |       conv2d      |  (20, 20)  |  (20, 20)  |         1024        |         256          |    (1, 1)   | (1, 1) |  (0, 0) |   1   |
| 134  |    55    |       conv2d      |  (20, 20)  |  (22, 22)  |         256         |         256          |    (3, 3)   | (1, 1) |  (2, 2) |   1   |
| 136  |    56    |       conv2d      |  (22, 22)  |  (22, 22)  |         256         |         1024         |    (1, 1)   | (1, 1) |  (0, 0) |   1   |
| 138  |    57    |        relu       |  (22, 22)  |  (22, 22)  |         1024        |         1024         |      -      |   -    |    -    |   1   |
| 141  |    58    |       conv2d      |  (22, 22)  |  (22, 22)  |         1024        |         256          |    (1, 1)   | (1, 1) |  (0, 0) |   1   |
| 143  |    59    |       conv2d      |  (22, 22)  |  (24, 24)  |         256         |         256          |    (3, 3)   | (1, 1) |  (2, 2) |   1   |
| 145  |    60    |       conv2d      |  (24, 24)  |  (24, 24)  |         256         |         1024         |    (1, 1)   | (1, 1) |  (0, 0) |   1   |
| 147  |    61    |        relu       |  (24, 24)  |  (24, 24)  |         1024        |         1024         |      -      |   -    |    -    |   1   |
| 152  |    62    |       conv2d      |  (24, 24)  |  (24, 24)  |         1024        |         512          |    (1, 1)   | (1, 1) |  (0, 0) |   1   |
| 154  |    63    |       conv2d      |  (24, 24)  |  (26, 26)  |         512         |         512          |    (3, 3)   | (1, 1) |  (2, 2) |   1   |
| 156  |    64    |       conv2d      |  (26, 26)  |  (26, 26)  |         512         |         2048         |    (1, 1)   | (1, 1) |  (0, 0) |   1   |
| 158  |    65    |        relu       |  (26, 26)  |  (26, 26)  |         2048        |         2048         |      -      |   -    |    -    |   1   |
| 160  |    66    |       conv2d      |  (26, 26)  |  (26, 26)  |         1024        |         2048         |    (1, 1)   | (1, 1) |  (0, 0) |   1   |
| 165  |    67    |       conv2d      |  (26, 26)  |  (26, 26)  |         2048        |         512          |    (1, 1)   | (1, 1) |  (0, 0) |   1   |
| 167  |    68    |       conv2d      |  (26, 26)  |  (32, 32)  |         512         |         512          |    (3, 3)   | (1, 1) |  (4, 4) |   1   |
| 169  |    69    |       conv2d      |  (32, 32)  |  (32, 32)  |         512         |         2048         |    (1, 1)   | (1, 1) |  (0, 0) |   1   |
| 171  |    70    |        relu       |  (32, 32)  |  (32, 32)  |         2048        |         2048         |      -      |   -    |    -    |   1   |
| 174  |    71    |       conv2d      |  (32, 32)  |  (32, 32)  |         2048        |         512          |    (1, 1)   | (1, 1) |  (0, 0) |   1   |
| 176  |    72    |       conv2d      |  (32, 32)  |  (38, 38)  |         512         |         512          |    (3, 3)   | (1, 1) |  (4, 4) |   1   |
| 178  |    73    |       conv2d      |  (38, 38)  |  (38, 38)  |         512         |         2048         |    (1, 1)   | (1, 1) |  (0, 0) |   1   |
| 180  |    74    |        relu       |  (38, 38)  |  (38, 38)  |         2048        |         2048         |      -      |   -    |    -    |   1   |
| 188  |    75    |       conv2d      |  (38, 38)  |  (38, 38)  |         512         |          6           |    (1, 1)   | (1, 1) |  (0, 0) |   1   |
| 192  |    76    | adaptiveavgpool2d |  (38, 38)  |  (38, 38)  |          6          |          6           |      -      |   -    |    -    |   1   |
| 194  |    77    |       conv2d      |  (38, 38)  |  (38, 38)  |         2048        |         512          |    (1, 1)   | (1, 1) |  (0, 0) |   1   |
| 196  |    78    |        relu       |  (38, 38)  |  (38, 38)  |         512         |         512          |      -      |   -    |    -    |   1   |
| 200  |    79    | adaptiveavgpool2d |  (38, 38)  |  (38, 38)  |         512         |         512          |      -      |   -    |    -    |   1   |
| 202  |    80    |       conv2d      |  (38, 38)  |  (38, 38)  |         2048        |         512          |    (1, 1)   | (1, 1) |  (0, 0) |   1   |
| 204  |    81    |        relu       |  (38, 38)  |  (38, 38)  |         512         |         512          |      -      |   -    |    -    |   1   |
| 208  |    82    | adaptiveavgpool2d |  (38, 38)  |  (38, 38)  |         512         |         512          |      -      |   -    |    -    |   1   |
| 210  |    83    |       conv2d      |  (38, 38)  |  (38, 38)  |         2048        |         512          |    (1, 1)   | (1, 1) |  (0, 0) |   1   |
| 212  |    84    |        relu       |  (38, 38)  |  (38, 38)  |         512         |         512          |      -      |   -    |    -    |   1   |
| 216  |    85    | adaptiveavgpool2d |  (38, 38)  |  (38, 38)  |         512         |         512          |      -      |   -    |    -    |   1   |
| 218  |    86    |       conv2d      |  (38, 38)  |  (38, 38)  |         2048        |         512          |    (1, 1)   | (1, 1) |  (0, 0) |   1   |
| 220  |    87    |        relu       |  (38, 38)  |  (38, 38)  |         512         |         512          |      -      |   -    |    -    |   1   |
| 225  |    88    |       conv2d      |  (38, 38)  |  (38, 38)  |         4096        |         512          |    (3, 3)   | (1, 1) |  (1, 1) |   1   |
| 227  |    89    |        relu       |  (38, 38)  |  (38, 38)  |         512         |         512          |      -      |   -    |    -    |   1   |
| 234  |    90    |       conv2d      |  (38, 38)  |  (38, 38)  |         256         |          6           |    (1, 1)   | (1, 1) |  (0, 0) |   1   |
| 238  |    91    |       conv2d      |  (38, 38)  |  (38, 38)  |         1024        |         256          |    (3, 3)   | (1, 1) |  (1, 1) |   1   |
| 240  |    92    |        relu       |  (38, 38)  |  (38, 38)  |         256         |         256          |      -      |   -    |    -    |   1   |
+------+----------+-------------------+------------+------------+---------------------+----------------------+-------------+--------+---------+-------+
