+------+----------+------------+------------+------------+---------------------+----------------------+-------------+--------+---------+--------+-------+
| line | layer_no | layer_type |  in_size   |  out_size  | in_channel/features | out_channel/features | kernel_size | stride | padding | groups | count |
+------+----------+------------+------------+------------+---------------------+----------------------+-------------+--------+---------+--------+-------+
|  4   |    0     |   conv2d   | (224, 224) | (112, 112) |          3          |          32          |    (3, 3)   | (2, 2) |  (1, 1) |   1    |   1   |
|  6   |    1     |   relu6    | (112, 112) | (112, 112) |          32         |          32          |      -      |   -    |    -    |   1    |   1   |
|  11  |    2     |   conv2d   | (112, 112) | (112, 112) |          32         |          32          |    (3, 3)   | (1, 1) |  (1, 1) |   32   |   1   |
|  13  |    3     |   relu6    | (112, 112) | (112, 112) |          32         |          32          |      -      |   -    |    -    |   1    |   1   |
|  15  |    4     |   conv2d   | (112, 112) | (112, 112) |          32         |          16          |    (1, 1)   | (1, 1) |  (0, 0) |   1    |   1   |
|  22  |    5     |   conv2d   | (112, 112) | (112, 112) |          16         |          96          |    (1, 1)   | (1, 1) |  (0, 0) |   1    |   1   |
|  24  |    6     |   relu6    | (112, 112) | (112, 112) |          96         |          96          |      -      |   -    |    -    |   1    |   1   |
|  27  |    7     |   conv2d   | (112, 112) |  (56, 56)  |          96         |          96          |    (3, 3)   | (2, 2) |  (1, 1) |   96   |   1   |
|  29  |    8     |   relu6    |  (56, 56)  |  (56, 56)  |          96         |          96          |      -      |   -    |    -    |   1    |   1   |
|  31  |    9     |   conv2d   |  (56, 56)  |  (56, 56)  |          96         |          24          |    (1, 1)   | (1, 1) |  (0, 0) |   1    |   1   |
|  38  |    10    |   conv2d   |  (56, 56)  |  (56, 56)  |          24         |         144          |    (1, 1)   | (1, 1) |  (0, 0) |   1    |   1   |
|  40  |    11    |   relu6    |  (56, 56)  |  (56, 56)  |         144         |         144          |      -      |   -    |    -    |   1    |   1   |
|  43  |    12    |   conv2d   |  (56, 56)  |  (56, 56)  |         144         |         144          |    (3, 3)   | (1, 1) |  (1, 1) |  144   |   1   |
|  45  |    13    |   relu6    |  (56, 56)  |  (56, 56)  |         144         |         144          |      -      |   -    |    -    |   1    |   1   |
|  47  |    14    |   conv2d   |  (56, 56)  |  (56, 56)  |         144         |          24          |    (1, 1)   | (1, 1) |  (0, 0) |   1    |   1   |
|  54  |    15    |   conv2d   |  (56, 56)  |  (56, 56)  |          24         |         144          |    (1, 1)   | (1, 1) |  (0, 0) |   1    |   1   |
|  56  |    16    |   relu6    |  (56, 56)  |  (56, 56)  |         144         |         144          |      -      |   -    |    -    |   1    |   1   |
|  59  |    17    |   conv2d   |  (56, 56)  |  (28, 28)  |         144         |         144          |    (3, 3)   | (2, 2) |  (1, 1) |  144   |   1   |
|  61  |    18    |   relu6    |  (28, 28)  |  (28, 28)  |         144         |         144          |      -      |   -    |    -    |   1    |   1   |
|  63  |    19    |   conv2d   |  (28, 28)  |  (28, 28)  |         144         |          32          |    (1, 1)   | (1, 1) |  (0, 0) |   1    |   1   |
|  70  |    20    |   conv2d   |  (28, 28)  |  (28, 28)  |          32         |         192          |    (1, 1)   | (1, 1) |  (0, 0) |   1    |   1   |
|  72  |    21    |   relu6    |  (28, 28)  |  (28, 28)  |         192         |         192          |      -      |   -    |    -    |   1    |   1   |
|  75  |    22    |   conv2d   |  (28, 28)  |  (28, 28)  |         192         |         192          |    (3, 3)   | (1, 1) |  (1, 1) |  192   |   1   |
|  77  |    23    |   relu6    |  (28, 28)  |  (28, 28)  |         192         |         192          |      -      |   -    |    -    |   1    |   1   |
|  79  |    24    |   conv2d   |  (28, 28)  |  (28, 28)  |         192         |          32          |    (1, 1)   | (1, 1) |  (0, 0) |   1    |   1   |
|  86  |    25    |   conv2d   |  (28, 28)  |  (28, 28)  |          32         |         192          |    (1, 1)   | (1, 1) |  (0, 0) |   1    |   1   |
|  88  |    26    |   relu6    |  (28, 28)  |  (28, 28)  |         192         |         192          |      -      |   -    |    -    |   1    |   1   |
|  91  |    27    |   conv2d   |  (28, 28)  |  (28, 28)  |         192         |         192          |    (3, 3)   | (1, 1) |  (1, 1) |  192   |   1   |
|  93  |    28    |   relu6    |  (28, 28)  |  (28, 28)  |         192         |         192          |      -      |   -    |    -    |   1    |   1   |
|  95  |    29    |   conv2d   |  (28, 28)  |  (28, 28)  |         192         |          32          |    (1, 1)   | (1, 1) |  (0, 0) |   1    |   1   |
| 102  |    30    |   conv2d   |  (28, 28)  |  (28, 28)  |          32         |         192          |    (1, 1)   | (1, 1) |  (0, 0) |   1    |   1   |
| 104  |    31    |   relu6    |  (28, 28)  |  (28, 28)  |         192         |         192          |      -      |   -    |    -    |   1    |   1   |
| 107  |    32    |   conv2d   |  (28, 28)  |  (14, 14)  |         192         |         192          |    (3, 3)   | (2, 2) |  (1, 1) |  192   |   1   |
| 109  |    33    |   relu6    |  (14, 14)  |  (14, 14)  |         192         |         192          |      -      |   -    |    -    |   1    |   1   |
| 111  |    34    |   conv2d   |  (14, 14)  |  (14, 14)  |         192         |          64          |    (1, 1)   | (1, 1) |  (0, 0) |   1    |   1   |
| 118  |    35    |   conv2d   |  (14, 14)  |  (14, 14)  |          64         |         384          |    (1, 1)   | (1, 1) |  (0, 0) |   1    |   1   |
| 120  |    36    |   relu6    |  (14, 14)  |  (14, 14)  |         384         |         384          |      -      |   -    |    -    |   1    |   1   |
| 123  |    37    |   conv2d   |  (14, 14)  |  (14, 14)  |         384         |         384          |    (3, 3)   | (1, 1) |  (1, 1) |  384   |   1   |
| 125  |    38    |   relu6    |  (14, 14)  |  (14, 14)  |         384         |         384          |      -      |   -    |    -    |   1    |   1   |
| 127  |    39    |   conv2d   |  (14, 14)  |  (14, 14)  |         384         |          64          |    (1, 1)   | (1, 1) |  (0, 0) |   1    |   1   |
| 134  |    40    |   conv2d   |  (14, 14)  |  (14, 14)  |          64         |         384          |    (1, 1)   | (1, 1) |  (0, 0) |   1    |   1   |
| 136  |    41    |   relu6    |  (14, 14)  |  (14, 14)  |         384         |         384          |      -      |   -    |    -    |   1    |   1   |
| 139  |    42    |   conv2d   |  (14, 14)  |  (14, 14)  |         384         |         384          |    (3, 3)   | (1, 1) |  (1, 1) |  384   |   1   |
| 141  |    43    |   relu6    |  (14, 14)  |  (14, 14)  |         384         |         384          |      -      |   -    |    -    |   1    |   1   |
| 143  |    44    |   conv2d   |  (14, 14)  |  (14, 14)  |         384         |          64          |    (1, 1)   | (1, 1) |  (0, 0) |   1    |   1   |
| 150  |    45    |   conv2d   |  (14, 14)  |  (14, 14)  |          64         |         384          |    (1, 1)   | (1, 1) |  (0, 0) |   1    |   1   |
| 152  |    46    |   relu6    |  (14, 14)  |  (14, 14)  |         384         |         384          |      -      |   -    |    -    |   1    |   1   |
| 155  |    47    |   conv2d   |  (14, 14)  |  (14, 14)  |         384         |         384          |    (3, 3)   | (1, 1) |  (1, 1) |  384   |   1   |
| 157  |    48    |   relu6    |  (14, 14)  |  (14, 14)  |         384         |         384          |      -      |   -    |    -    |   1    |   1   |
| 159  |    49    |   conv2d   |  (14, 14)  |  (14, 14)  |         384         |          64          |    (1, 1)   | (1, 1) |  (0, 0) |   1    |   1   |
| 166  |    50    |   conv2d   |  (14, 14)  |  (14, 14)  |          64         |         384          |    (1, 1)   | (1, 1) |  (0, 0) |   1    |   1   |
| 168  |    51    |   relu6    |  (14, 14)  |  (14, 14)  |         384         |         384          |      -      |   -    |    -    |   1    |   1   |
| 171  |    52    |   conv2d   |  (14, 14)  |  (14, 14)  |         384         |         384          |    (3, 3)   | (1, 1) |  (1, 1) |  384   |   1   |
| 173  |    53    |   relu6    |  (14, 14)  |  (14, 14)  |         384         |         384          |      -      |   -    |    -    |   1    |   1   |
| 175  |    54    |   conv2d   |  (14, 14)  |  (14, 14)  |         384         |          96          |    (1, 1)   | (1, 1) |  (0, 0) |   1    |   1   |
| 182  |    55    |   conv2d   |  (14, 14)  |  (14, 14)  |          96         |         576          |    (1, 1)   | (1, 1) |  (0, 0) |   1    |   1   |
| 184  |    56    |   relu6    |  (14, 14)  |  (14, 14)  |         576         |         576          |      -      |   -    |    -    |   1    |   1   |
| 187  |    57    |   conv2d   |  (14, 14)  |  (14, 14)  |         576         |         576          |    (3, 3)   | (1, 1) |  (1, 1) |  576   |   1   |
| 189  |    58    |   relu6    |  (14, 14)  |  (14, 14)  |         576         |         576          |      -      |   -    |    -    |   1    |   1   |
| 191  |    59    |   conv2d   |  (14, 14)  |  (14, 14)  |         576         |          96          |    (1, 1)   | (1, 1) |  (0, 0) |   1    |   1   |
| 198  |    60    |   conv2d   |  (14, 14)  |  (14, 14)  |          96         |         576          |    (1, 1)   | (1, 1) |  (0, 0) |   1    |   1   |
| 200  |    61    |   relu6    |  (14, 14)  |  (14, 14)  |         576         |         576          |      -      |   -    |    -    |   1    |   1   |
| 203  |    62    |   conv2d   |  (14, 14)  |  (14, 14)  |         576         |         576          |    (3, 3)   | (1, 1) |  (1, 1) |  576   |   1   |
| 205  |    63    |   relu6    |  (14, 14)  |  (14, 14)  |         576         |         576          |      -      |   -    |    -    |   1    |   1   |
| 207  |    64    |   conv2d   |  (14, 14)  |  (14, 14)  |         576         |          96          |    (1, 1)   | (1, 1) |  (0, 0) |   1    |   1   |
| 214  |    65    |   conv2d   |  (14, 14)  |  (14, 14)  |          96         |         576          |    (1, 1)   | (1, 1) |  (0, 0) |   1    |   1   |
| 216  |    66    |   relu6    |  (14, 14)  |  (14, 14)  |         576         |         576          |      -      |   -    |    -    |   1    |   1   |
| 219  |    67    |   conv2d   |  (14, 14)  |   (7, 7)   |         576         |         576          |    (3, 3)   | (2, 2) |  (1, 1) |  576   |   1   |
| 221  |    68    |   relu6    |   (7, 7)   |   (7, 7)   |         576         |         576          |      -      |   -    |    -    |   1    |   1   |
| 223  |    69    |   conv2d   |   (7, 7)   |   (7, 7)   |         576         |         160          |    (1, 1)   | (1, 1) |  (0, 0) |   1    |   1   |
| 230  |    70    |   conv2d   |   (7, 7)   |   (7, 7)   |         160         |         960          |    (1, 1)   | (1, 1) |  (0, 0) |   1    |   1   |
| 232  |    71    |   relu6    |   (7, 7)   |   (7, 7)   |         960         |         960          |      -      |   -    |    -    |   1    |   1   |
| 235  |    72    |   conv2d   |   (7, 7)   |   (7, 7)   |         960         |         960          |    (3, 3)   | (1, 1) |  (1, 1) |  960   |   1   |
| 237  |    73    |   relu6    |   (7, 7)   |   (7, 7)   |         960         |         960          |      -      |   -    |    -    |   1    |   1   |
| 239  |    74    |   conv2d   |   (7, 7)   |   (7, 7)   |         960         |         160          |    (1, 1)   | (1, 1) |  (0, 0) |   1    |   1   |
| 246  |    75    |   conv2d   |   (7, 7)   |   (7, 7)   |         160         |         960          |    (1, 1)   | (1, 1) |  (0, 0) |   1    |   1   |
| 248  |    76    |   relu6    |   (7, 7)   |   (7, 7)   |         960         |         960          |      -      |   -    |    -    |   1    |   1   |
| 251  |    77    |   conv2d   |   (7, 7)   |   (7, 7)   |         960         |         960          |    (3, 3)   | (1, 1) |  (1, 1) |  960   |   1   |
| 253  |    78    |   relu6    |   (7, 7)   |   (7, 7)   |         960         |         960          |      -      |   -    |    -    |   1    |   1   |
| 255  |    79    |   conv2d   |   (7, 7)   |   (7, 7)   |         960         |         160          |    (1, 1)   | (1, 1) |  (0, 0) |   1    |   1   |
| 262  |    80    |   conv2d   |   (7, 7)   |   (7, 7)   |         160         |         960          |    (1, 1)   | (1, 1) |  (0, 0) |   1    |   1   |
| 264  |    81    |   relu6    |   (7, 7)   |   (7, 7)   |         960         |         960          |      -      |   -    |    -    |   1    |   1   |
| 267  |    82    |   conv2d   |   (7, 7)   |   (7, 7)   |         960         |         960          |    (3, 3)   | (1, 1) |  (1, 1) |  960   |   1   |
| 269  |    83    |   relu6    |   (7, 7)   |   (7, 7)   |         960         |         960          |      -      |   -    |    -    |   1    |   1   |
| 271  |    84    |   conv2d   |   (7, 7)   |   (7, 7)   |         960         |         320          |    (1, 1)   | (1, 1) |  (0, 0) |   1    |   1   |
| 276  |    85    |   conv2d   |   (7, 7)   |   (7, 7)   |         320         |         1280         |    (1, 1)   | (1, 1) |  (0, 0) |   1    |   1   |
| 278  |    86    |   relu6    |   (7, 7)   |   (7, 7)   |         1280        |         1280         |      -      |   -    |    -    |   1    |   1   |
| 283  |    87    |   linear   |   (1, 1)   |   (1, 1)   |         1280        |         1000         |      -      |   -    |    -    |   1    |   1   |
+------+----------+------------+------------+------------+---------------------+----------------------+-------------+--------+---------+--------+-------+
