+-----------------+-------------------------------+
|    Layer Type   |         Layer Numbers         |
+-----------------+-------------------------------+
|      CONV2D     |               0               |
| NONDYNAMICALLYQ |  1, 5, 9, 13, 17, 21, 25, 29, |
| UANTIZABLELINEA |         33, 37, 41, 45        |
|        R        |                               |
|      LINEAR     |  2, 4, 6, 8, 10, 12, 14, 16,  |
|                 |  18, 20, 22, 24, 26, 28, 30,  |
|                 |  32, 34, 36, 38, 40, 42, 44,  |
|                 |           46, 48, 49          |
|       GELU      | 3, 7, 11, 15, 19, 23, 27, 31, |
|                 |         35, 39, 43, 47        |
+-----------------+-------------------------------+
