+-----------------+-------------------------------+
|    Layer Type   |         Layer Numbers         |
+-----------------+-------------------------------+
|      CONV2D     |  0, 3, 4, 5, 7, 8, 9, 10, 12, |
|                 |  13, 14, 16, 17, 18, 20, 21,  |
|                 |  22, 23, 25, 26, 27, 29, 30,  |
|                 |  31, 33, 34, 35, 37, 38, 39,  |
|                 |  40, 42, 43, 44, 46, 47, 48,  |
|                 |  50, 51, 52, 54, 55, 56, 58,  |
|                 |  59, 60, 62, 63, 64, 65, 67,  |
|                 |             68, 69            |
|       RELU      | 1, 6, 11, 15, 19, 24, 28, 32, |
|                 |  36, 41, 45, 49, 53, 57, 61,  |
|                 |             66, 70            |
|    MAXPOOL2D    |               2               |
| ADAPTIVEAVGPOOL |               71              |
|        2D       |                               |
|      LINEAR     |               72              |
+-----------------+-------------------------------+
