+------------+--------------------------------+
| Layer Type |         Layer Numbers          |
+------------+--------------------------------+
|   CONV2D   | 0, 2, 4, 5, 7, 9, 10, 12, 14,  |
|            |  15, 17, 19, 20, 22, 24, 25,   |
|            |  27, 29, 30, 32, 34, 35, 37,   |
|            |  39, 40, 42, 44, 45, 47, 49,   |
|            |  50, 52, 54, 55, 57, 59, 60,   |
|            |  62, 64, 65, 67, 69, 70, 72,   |
|            | 74, 75, 77, 79, 80, 82, 84, 85 |
|   RELU6    |  1, 3, 6, 8, 11, 13, 16, 18,   |
|            |  21, 23, 26, 28, 31, 33, 36,   |
|            |  38, 41, 43, 46, 48, 51, 53,   |
|            |  56, 58, 61, 63, 66, 68, 71,   |
|            |     73, 76, 78, 81, 83, 86     |
|   LINEAR   |               87               |
+------------+--------------------------------+
