+-----------------+-------------------------------+
|    Layer Type   |         Layer Numbers         |
+-----------------+-------------------------------+
|      CONV2D     | 0, 2, 4, 7, 8, 9, 11, 12, 13, |
|                 |  14, 16, 17, 18, 20, 21, 22,  |
|                 |  24, 25, 26, 27, 29, 30, 31,  |
|                 |  33, 34, 35, 37, 38, 39, 41,  |
|                 |  42, 43, 44, 46, 47, 48, 50,  |
|                 |  51, 52, 54, 55, 56, 58, 59,  |
|                 |  60, 62, 63, 64, 66, 67, 68,  |
|                 |  69, 71, 72, 73, 75, 77, 80,  |
|                 |       83, 86, 88, 90, 91      |
|       RELU      |  1, 3, 5, 10, 15, 19, 23, 28, |
|                 |  32, 36, 40, 45, 49, 53, 57,  |
|                 |  61, 65, 70, 74, 78, 81, 84,  |
|                 |           87, 89, 92          |
|    MAXPOOL2D    |               6               |
| ADAPTIVEAVGPOOL |         76, 79, 82, 85        |
|        2D       |                               |
+-----------------+-------------------------------+
