+------------+-------------------------------+
| Layer Type |         Layer Numbers         |
+------------+-------------------------------+
|   CONV2D   | 0, 2, 4, 6, 7, 9, 11, 12, 14, |
|            |  16, 17, 19, 21, 22, 24, 32,  |
|            |  34, 36, 38, 40, 41, 43, 51,  |
|            |  53, 55, 57, 59, 60, 62, 70,  |
|            |             72, 74            |
|    SILU    |  1, 3, 5, 8, 10, 13, 15, 18,  |
|            |  20, 23, 30, 33, 35, 37, 39,  |
|            |  42, 49, 52, 54, 56, 58, 61,  |
|            |         68, 71, 73, 75        |
|   LINEAR   |  25, 26, 27, 28, 29, 31, 44,  |
|            |  45, 46, 47, 48, 50, 63, 64,  |
|            |         65, 66, 67, 69        |
+------------+-------------------------------+
