+-----------------+-------------------------------+
|    Layer Type   |         Layer Numbers         |
+-----------------+-------------------------------+
|      CONV2D     | 0, 3, 5, 6, 8, 9, 11, 12, 13, |
|                 |  15, 16, 18, 19, 20, 22, 23,  |
|                 |         25, 26, 27, 29        |
|       RELU      |  1, 4, 7, 10, 14, 17, 21, 24, |
|                 |               28              |
|    MAXPOOL2D    |               2               |
| ADAPTIVEAVGPOOL |               30              |
|        2D       |                               |
|      LINEAR     |               31              |
+-----------------+-------------------------------+
