+-----------------+--------------------------------+
|    Layer Type   |         Layer Numbers          |
+-----------------+--------------------------------+
|      CONV2D     |               0                |
|     PERMUTE     |             1, 65              |
|      LINEAR     |  2, 3, 4, 6, 7, 8, 9, 11, 12,  |
|                 |  13, 14, 15, 17, 18, 19, 20,   |
|                 |  22, 23, 24, 25, 26, 28, 29,   |
|                 |  30, 31, 33, 34, 35, 36, 38,   |
|                 |  39, 40, 41, 43, 44, 45, 46,   |
|                 |  48, 49, 50, 51, 53, 54, 55,   |
|                 | 56, 57, 59, 60, 61, 62, 64, 68 |
|       GELU      | 5, 10, 16, 21, 27, 32, 37, 42, |
|                 |         47, 52, 58, 63         |
| ADAPTIVEAVGPOOL |               66               |
|        2D       |                                |
|     FLATTEN     |               67               |
+-----------------+--------------------------------+
