+------------+--------------------------------+
| Layer Type |         Layer Numbers          |
+------------+--------------------------------+
|  LINEAR1   | 0, 1, 2, 3, 4, 5, 7, 8, 9, 10, |
|            |  11, 12, 14, 15, 16, 17, 18,   |
|            |  19, 20, 21, 22, 23, 25, 26,   |
|            | 27, 28, 29, 30, 31, 32, 33, 34 |
|  LINEAR2   | 0, 1, 2, 3, 4, 5, 7, 8, 9, 10, |
|            |  11, 12, 14, 15, 16, 17, 18,   |
|            |  19, 20, 21, 22, 23, 25, 26,   |
|            | 27, 28, 29, 30, 31, 32, 33, 34 |
|   RELU1    |         6, 13, 24, 35          |
|   RELU2    |         6, 13, 24, 35          |
+------------+--------------------------------+
