+------------+--------------------------------+
| Layer Type |         Layer Numbers          |
+------------+--------------------------------+
| MEANSHIFT  |              0, 1              |
|   CONV2D   | 2, 3, 5, 6, 8, 9, 11, 12, 14,  |
|            |  15, 17, 18, 20, 21, 23, 24,   |
|            |  26, 27, 29, 30, 32, 33, 35,   |
|            |  36, 38, 39, 41, 42, 44, 45,   |
|            |       47, 48, 50, 51, 53       |
|    RELU    | 4, 7, 10, 13, 16, 19, 22, 25,  |
|            | 28, 31, 34, 37, 40, 43, 46, 49 |
| UPSAMPLER  |               52               |
+------------+--------------------------------+
