+-----------------+--------------------------------+
|    Layer Type   |         Layer Numbers          |
+-----------------+--------------------------------+
|      CONV2D     | 0, 3, 5, 7, 9, 11, 13, 16, 18, |
|                 |  20, 22, 24, 26, 29, 31, 33,   |
|                 |  35, 37, 39, 41, 43, 45, 47,   |
|                 |           49, 51, 53           |
|       RELU      |  1, 4, 6, 8, 10, 12, 14, 17,   |
|                 |  19, 21, 23, 25, 27, 30, 32,   |
|                 |  34, 36, 38, 40, 42, 44, 46,   |
|                 |         48, 50, 52, 54         |
|    MAXPOOL2D    |           2, 15, 28            |
| ADAPTIVEAVGPOOL |               55               |
|        2D       |                                |
+-----------------+--------------------------------+
