+------------+--------------------------------+
| Layer Type |         Layer Numbers          |
+------------+--------------------------------+
|   CONV2D   | 0, 3, 4, 6, 8, 9, 11, 13, 14,  |
|            |  16, 18, 19, 21, 23, 24, 26,   |
|            |  27, 29, 31, 32, 34, 36, 37,   |
|            |  39, 41, 42, 44, 46, 47, 49,   |
|            |  51, 52, 54, 56, 57, 59, 61,   |
|            |  62, 64, 66, 67, 69, 70, 72,   |
|            |  74, 75, 77, 79, 80, 82, 84,   |
|            |       85, 87, 89, 90, 92       |
|    RELU    |  1, 5, 7, 10, 12, 15, 17, 20,  |
|            |  22, 25, 28, 30, 33, 35, 38,   |
|            |  40, 43, 45, 48, 50, 53, 55,   |
|            |  58, 60, 63, 65, 68, 71, 73,   |
|            | 76, 78, 81, 83, 86, 88, 91, 93 |
| MAXPOOL2D  |               2                |
|   LINEAR   |               94               |
+------------+--------------------------------+
