+-------------------+----------------------+-------------+-----------------------------------------------------+-------------------------------+------------------------------+----------------+
|     Node Name     | Inter Node Frequency | Total Nodes |               Degree of Connectivity                | Latency of a single operation | Energy of a single operation |      Area      |
+-------------------+----------------------+-------------+-----------------------------------------------------+-------------------------------+------------------------------+----------------+
| ADAPTIVEAVGPOOL2D |          5           |    141390   |                   [2, 2, 2, 2, 2]                   |             1e-09             |           7.04e-13           |   1.9872e-09   |
|     AVGPOOL2D     |          1           |    10976    |                         [2]                         |             1e-09             |           7.04e-13           |   1.9872e-09   |
|       CONV1D      |          2           |   7154784   |                        [3, 3]                       |     6.300000000000001e-08     |    1.8934272000000002e-07    | 2.18247168e-05 |
|       CONV2D      |          9           |   24757551  |             [4, 2, 5, 2, 3, 5, 5, 3, 1]             |     6.300000000000001e-08     |    1.8934272000000002e-07    | 2.18247168e-05 |
|  CONVTRANSPOSE2D  |          1           |    16128    |                         [1]                         |     6.300000000000001e-08     |    1.8934272000000002e-07    | 2.18247168e-05 |
|      FLATTEN      |          2           |      2      |                        [2, 2]                       |             1e-09             |            1e-15             |     1e-10      |
|        GELU       |          9           |    26624    |             [1, 1, 1, 1, 1, 1, 1, 1, 1]             |             1e-09             |          1.296e-12           |   1.5808e-08   |
|  LASTLEVELMAXPOOL |          1           |    802816   |                         [1]                         |             1e-09             |           7.04e-13           |   1.9872e-09   |
|       LINEAR      |          17          |  3447759168 | [4, 3, 4, 3, 4, 4, 3, 3, 3, 3, 2, 1, 2, 1, 5, 1, 5] |     6.300000000000001e-08     |    1.8934272000000002e-07    | 2.18247168e-05 |
|     MAXPOOL2D     |          6           |    151344   |                  [2, 3, 2, 3, 1, 2]                 |             1e-09             |           7.04e-13           |   1.9872e-09   |
|      PERMUTE      |          1           |      2      |                         [3]                         |             1e-09             |            1e-15             |     1e-10      |
|        RELU       |          7           |   2847722   |                [3, 3, 2, 3, 3, 6, 3]                |             1e-09             |          1.296e-12           |   1.5808e-08   |
|       RELU6       |          1           |    381612   |                         [2]                         |             1e-09             |          1.296e-12           |   1.5808e-08   |
|      ROIALIGN     |          1           |     1912    |                         [6]                         |             1e-09             |           7.04e-13           |   1.9872e-09   |
|        SILU       |          2           |    237568   |                        [1, 1]                       |             1e-09             |          1.296e-12           |   1.5808e-08   |
|        TANH       |          3           |      90     |                      [1, 1, 1]                      |            5.75e-10           |          1.2304e-13          |   9.568e-09    |
+-------------------+----------------------+-------------+-----------------------------------------------------+-------------------------------+------------------------------+----------------+
