+-------------------------+-----------+-------------------+--------------------+---------------------------+----------------------------+------------------+--------+--------------------+
|        Layer Type       | Frequency | Input_Volume (MB) | Output_Volume (MB) | Input Degree-Connectivity | Output Degree-Connectivity | Promixity Factor | GFLOPs | Parameter_size(MB) |
+-------------------------+-----------+-------------------+--------------------+---------------------------+----------------------------+------------------+--------+--------------------+
|   CONV2D_224_112_3_64   |     1     |       0.1505      |       0.8028       |             0             |             1              |       0.0        | 0.4471 |       0.0095       |
|    RELU_112_112_64_64   |     1     |       0.8028      |       0.8028       |             1             |             1              |       0.0        |  0.0   |         0          |
|  MAXPOOL2D_112_56_64_64 |     1     |       0.8028      |       0.2007       |             1             |             1              |       0.0        |  0.0   |         0          |
|     RELU_56_56_64_64    |     1     |       0.2007      |       0.2007       |             1             |             1              |       0.0        |  0.0   |         0          |
|   CONV2D_56_56_64_128   |     1     |       0.2007      |       0.4014       |             1             |             1              |       0.0        | 0.0551 |       0.0083       |
|    RELU_56_56_128_128   |     6     |       0.4014      |       0.4014       |             6             |             1              |       3.0        |  0.0   |         0          |
|   CONV2D_56_56_128_32   |     6     |       0.4014      |       0.1004       |             1             |             1              |       3.0        | 0.2312 |       0.0369       |
|     RELU_56_56_32_32    |     6     |       0.1004      |       0.1004       |             1             |             6              |       3.0        |  0.0   |         0          |
|   CONV2D_56_56_96_128   |     1     |       0.3011      |       0.4014       |             1             |             1              |       0.0        | 0.0827 |       0.0124       |
|   CONV2D_56_56_128_128  |     1     |       0.4014      |       0.4014       |             1             |             1              |       0.0        | 0.1102 |       0.0165       |
|   CONV2D_56_56_160_128  |     1     |       0.5018      |       0.4014       |             1             |             1              |       0.0        | 0.1378 |       0.0206       |
|   CONV2D_56_56_192_128  |     1     |       0.6021      |       0.4014       |             1             |             1              |       0.0        | 0.1653 |       0.0247       |
|   CONV2D_56_56_224_128  |     1     |       0.7025      |       0.4014       |             1             |             1              |       0.0        | 0.1929 |       0.0288       |
|   CONV2D_56_56_256_128  |     1     |       0.8028      |       0.4014       |             1             |             1              |       0.0        | 0.2205 |       0.0329       |
| AVGPOOL2D_56_28_128_128 |     1     |       0.4014      |       0.1004       |             1             |             1              |       0.0        |  0.0   |         0          |
|    RELU_28_28_128_128   |     13    |       0.1004      |       0.1004       |             13            |             2              |       4.0        |  0.0   |         0          |
|   CONV2D_28_28_128_128  |     1     |       0.1004      |       0.1004       |             1             |             1              |       0.0        | 0.0295 |       0.0165       |
|   CONV2D_28_28_128_32   |     12    |       0.1004      |       0.0251       |             1             |             1              |       4.0        | 0.0578 |       0.0369       |
|     RELU_28_28_32_32    |     12    |       0.0251      |       0.0251       |             1             |             12             |       4.0        |  0.0   |         0          |
|   CONV2D_28_28_160_128  |     1     |       0.1254      |       0.1004       |             1             |             1              |       0.0        | 0.0369 |       0.0206       |
|   CONV2D_28_28_192_128  |     1     |       0.1505      |       0.1004       |             1             |             1              |       0.0        | 0.0442 |       0.0247       |
|   CONV2D_28_28_224_128  |     1     |       0.1756      |       0.1004       |             1             |             1              |       0.0        | 0.0516 |       0.0288       |
|   CONV2D_28_28_256_128  |     1     |       0.2007      |       0.1004       |             1             |             1              |       0.0        | 0.059  |       0.0329       |
|   CONV2D_28_28_288_128  |     1     |       0.2258      |       0.1004       |             1             |             1              |       0.0        | 0.0664 |       0.037        |
|   CONV2D_28_28_320_128  |     1     |       0.2509      |       0.1004       |             1             |             1              |       0.0        | 0.0737 |       0.0411       |
|   CONV2D_28_28_352_128  |     1     |       0.276       |       0.1004       |             1             |             1              |       0.0        | 0.0811 |       0.0452       |
|   CONV2D_28_28_384_128  |     1     |       0.3011      |       0.1004       |             1             |             1              |       0.0        | 0.0885 |       0.0493       |
|   CONV2D_28_28_416_128  |     1     |       0.3261      |       0.1004       |             1             |             1              |       0.0        | 0.0958 |       0.0534       |
|   CONV2D_28_28_448_128  |     1     |       0.3512      |       0.1004       |             1             |             1              |       0.0        | 0.1032 |       0.0575       |
|   CONV2D_28_28_480_128  |     1     |       0.3763      |       0.1004       |             1             |             1              |       0.0        | 0.1106 |       0.0616       |
|   CONV2D_28_28_512_256  |     1     |       0.4014      |       0.2007       |             1             |             1              |       0.0        | 0.2359 |       0.1313       |
| AVGPOOL2D_28_14_256_256 |     1     |       0.2007      |       0.0502       |             1             |             1              |       0.0        |  0.0   |         0          |
|    RELU_14_14_256_256   |     1     |       0.0502      |       0.0502       |             1             |             1              |       0.0        |  0.0   |         0          |
|   CONV2D_14_14_256_128  |     1     |       0.0502      |       0.0251       |             1             |             1              |       0.0        | 0.0168 |       0.0329       |
|    RELU_14_14_128_128   |     24    |       0.0251      |       0.0251       |             24            |             1              |       4.0        |  0.0   |         0          |
|   CONV2D_14_14_128_32   |     24    |       0.0251      |       0.0063       |             1             |             1              |       4.0        | 0.0145 |       0.0369       |
|     RELU_14_14_32_32    |     24    |       0.0063      |       0.0063       |             1             |             24             |       4.0        |  0.0   |         0          |
|   CONV2D_14_14_288_128  |     1     |       0.0564      |       0.0251       |             1             |             1              |       0.0        | 0.0189 |       0.037        |
|   CONV2D_14_14_320_128  |     1     |       0.0627      |       0.0251       |             1             |             1              |       0.0        | 0.021  |       0.0411       |
|   CONV2D_14_14_352_128  |     1     |       0.069       |       0.0251       |             1             |             1              |       0.0        | 0.0231 |       0.0452       |
|   CONV2D_14_14_384_128  |     1     |       0.0753      |       0.0251       |             1             |             1              |       0.0        | 0.0252 |       0.0493       |
|   CONV2D_14_14_416_128  |     1     |       0.0815      |       0.0251       |             1             |             1              |       0.0        | 0.0273 |       0.0534       |
|   CONV2D_14_14_448_128  |     1     |       0.0878      |       0.0251       |             1             |             1              |       0.0        | 0.0294 |       0.0575       |
|   CONV2D_14_14_480_128  |     1     |       0.0941      |       0.0251       |             1             |             1              |       0.0        | 0.0315 |       0.0616       |
|   CONV2D_14_14_512_128  |     1     |       0.1004      |       0.0251       |             1             |             1              |       0.0        | 0.0336 |       0.0657       |
|   CONV2D_14_14_544_128  |     1     |       0.1066      |       0.0251       |             1             |             1              |       0.0        | 0.0357 |       0.0698       |
|   CONV2D_14_14_576_128  |     1     |       0.1129      |       0.0251       |             1             |             1              |       0.0        | 0.0377 |       0.0739       |
|   CONV2D_14_14_608_128  |     1     |       0.1192      |       0.0251       |             1             |             1              |       0.0        | 0.0398 |       0.078        |
|   CONV2D_14_14_640_128  |     1     |       0.1254      |       0.0251       |             1             |             1              |       0.0        | 0.0419 |       0.082        |
|   CONV2D_14_14_672_128  |     1     |       0.1317      |       0.0251       |             1             |             1              |       0.0        | 0.044  |       0.0861       |
|   CONV2D_14_14_704_128  |     1     |       0.138       |       0.0251       |             1             |             1              |       0.0        | 0.0461 |       0.0902       |
|   CONV2D_14_14_736_128  |     1     |       0.1443      |       0.0251       |             1             |             1              |       0.0        | 0.0482 |       0.0943       |
|   CONV2D_14_14_768_128  |     1     |       0.1505      |       0.0251       |             1             |             1              |       0.0        | 0.0503 |       0.0984       |
|   CONV2D_14_14_800_128  |     1     |       0.1568      |       0.0251       |             1             |             1              |       0.0        | 0.0524 |       0.1025       |
|   CONV2D_14_14_832_128  |     1     |       0.1631      |       0.0251       |             1             |             1              |       0.0        | 0.0545 |       0.1066       |
|   CONV2D_14_14_864_128  |     1     |       0.1693      |       0.0251       |             1             |             1              |       0.0        | 0.0566 |       0.1107       |
|   CONV2D_14_14_896_128  |     1     |       0.1756      |       0.0251       |             1             |             1              |       0.0        | 0.0587 |       0.1148       |
|   CONV2D_14_14_928_128  |     1     |       0.1819      |       0.0251       |             1             |             1              |       0.0        | 0.0608 |       0.1189       |
|   CONV2D_14_14_960_128  |     1     |       0.1882      |       0.0251       |             1             |             1              |       0.0        | 0.0629 |       0.123        |
|   CONV2D_14_14_992_128  |     1     |       0.1944      |       0.0251       |             1             |             1              |       0.0        | 0.065  |       0.1271       |
|  CONV2D_14_14_1024_512  |     1     |       0.2007      |       0.1004       |             1             |             1              |       0.0        | 0.2684 |       0.5248       |
|  AVGPOOL2D_14_7_512_512 |     1     |       0.1004      |       0.0251       |             1             |             1              |       0.0        |  0.0   |         0          |
|     RELU_7_7_512_512    |     1     |       0.0251      |       0.0251       |             1             |             1              |       0.0        |  0.0   |         0          |
|    CONV2D_7_7_512_128   |     1     |       0.0251      |       0.0063       |             1             |             1              |       0.0        | 0.0106 |       0.0657       |
|     RELU_7_7_128_128    |     16    |       0.0063      |       0.0063       |             16            |             1              |       4.0        |  0.0   |         0          |
|    CONV2D_7_7_128_32    |     16    |       0.0063      |       0.0016       |             1             |             2              |       4.0        | 0.0036 |       0.0369       |
|      RELU_7_7_32_32     |     15    |       0.0016      |       0.0016       |             1             |             15             |       4.0        |  0.0   |         0          |
|    CONV2D_7_7_544_128   |     1     |       0.0267      |       0.0063       |             1             |             1              |       0.0        | 0.0113 |       0.0698       |
|    CONV2D_7_7_576_128   |     1     |       0.0282      |       0.0063       |             1             |             1              |       0.0        | 0.0119 |       0.0739       |
|    CONV2D_7_7_608_128   |     1     |       0.0298      |       0.0063       |             1             |             1              |       0.0        | 0.0126 |       0.078        |
|    CONV2D_7_7_640_128   |     1     |       0.0314      |       0.0063       |             1             |             1              |       0.0        | 0.0133 |       0.082        |
|    CONV2D_7_7_672_128   |     1     |       0.0329      |       0.0063       |             1             |             1              |       0.0        | 0.0139 |       0.0861       |
|    CONV2D_7_7_704_128   |     1     |       0.0345      |       0.0063       |             1             |             1              |       0.0        | 0.0146 |       0.0902       |
|    CONV2D_7_7_736_128   |     1     |       0.0361      |       0.0063       |             1             |             1              |       0.0        | 0.0153 |       0.0943       |
|    CONV2D_7_7_768_128   |     1     |       0.0376      |       0.0063       |             1             |             1              |       0.0        | 0.0159 |       0.0984       |
|    CONV2D_7_7_800_128   |     1     |       0.0392      |       0.0063       |             1             |             1              |       0.0        | 0.0166 |       0.1025       |
|    CONV2D_7_7_832_128   |     1     |       0.0408      |       0.0063       |             1             |             1              |       0.0        | 0.0173 |       0.1066       |
|    CONV2D_7_7_864_128   |     1     |       0.0423      |       0.0063       |             1             |             1              |       0.0        | 0.0179 |       0.1107       |
|    CONV2D_7_7_896_128   |     1     |       0.0439      |       0.0063       |             1             |             1              |       0.0        | 0.0186 |       0.1148       |
|    CONV2D_7_7_928_128   |     1     |       0.0455      |       0.0063       |             1             |             1              |       0.0        | 0.0192 |       0.1189       |
|    CONV2D_7_7_960_128   |     1     |       0.047       |       0.0063       |             1             |             1              |       0.0        | 0.0199 |       0.123        |
|    CONV2D_7_7_992_128   |     1     |       0.0486      |       0.0063       |             1             |             1              |       0.0        | 0.0206 |       0.1271       |
|   LINEAR_7_7_1024_1000  |     1     |       0.0502      |       0.049        |             1             |             0              |       0.0        | 0.002  |       1.025        |
|          Total          |           |                   |                    |                           |                            |                  | 4.296  |       5.913        |
+-------------------------+-----------+-------------------+--------------------+---------------------------+----------------------------+------------------+--------+--------------------+
