+-----------------+-----------------------------+
|    Layer Type   |        Layer Numbers        |
+-----------------+-----------------------------+
|      CONV2D     | 0, 2, 5, 7, 10, 12, 14, 17, |
|                 |      19, 21, 24, 26, 28     |
|       RELU      | 1, 3, 6, 8, 11, 13, 15, 18, |
|                 |  20, 22, 25, 27, 29, 33, 36 |
|    MAXPOOL2D    |       4, 9, 16, 23, 30      |
| ADAPTIVEAVGPOOL |              31             |
|        2D       |                             |
|      LINEAR     |          32, 35, 38         |
|     DROPOUT     |            34, 37           |
+-----------------+-----------------------------+
